#
1.82609616085423e-3 3.42283698113761e-3 4.88703623246412e-2 2.01470638270701e-2 0.366650458779743 5.90831819265537e-2
5.92312045804189e-3 5.39291034955025e-3 0.121535279543025 0.134148758920136 0.131075574142982 0.101924356586265
4.28336982199145e-3 8.31557412308631e-2 4.53447964325427e-2 5.67250334645174e-2 7.14016866037488e-2 0.239089372446336
6.45745297090435e-4 2.56734286371674e-3 6.48350817311255e-2 0.206177582016217 6.59643592112386e-2 0.159809888880611
0.144623837742654 2.77117172216329e-2 3.96164469595036e-2 1.48094508946985e-2 0.245185074185728 2.8053472995783e-2
4.62380758543509e-3 1.44324633352183e-2 0.321313810676073 3.80507598087721e-3 4.48079043735082e-2 0.111016938048888
2.89644922032233e-2 5.10645031379608e-2 0.160269680041545 1.71544759083104e-2 0.103454390697801 0.13909245801116
2.16708511046716e-4 4.19578141769428e-3 4.01929992321192e-3 5.44082070468805e-2 0.133616600146443 0.303543402954723
2.75236921434949e-2 1.54567427357282e-3 1.74448692609373e-2 3.97405111855256e-4 0.103769471707571 0.349318887502569
4.28287603154505e-3 1.69371461170508e-3 2.05470867240286e-2 3.29896587454133e-2 4.87161560302114e-2 0.391770507857097
4.16309191423603e-2 3.35414375868112e-4 8.26006095249243e-2 0.103610721399241 2.41462425437999e-2 0.247676093013806
2.25755934966656e-3 3.05234385865048e-3 4.37219439211428e-3 2.34338476126046e-2 7.89828862897308e-2 0.387901168497233
5.23286565473941e-2 2.2908683273259e-2 2.21700069142178e-2 0.190598715833213 7.95539421483903e-4 0.211198398010432
0.141931364254422 7.49077079946509e-2 0.101187324147751 3.44266553422256e-2 0.130538957047129 1.70079912138209e-2
1.48612326320751e-3 2.92876123991815e-3 1.65128718316833e-3 5.76696208609257e-5 0.125655713287051 0.368220445405795
5.9372103737384e-2 1.33700370325418e-2 0.160493579144364 5.30999446698099e-2 0.209701101278174 3.96323413772659e-3
3.38348681442837e-3 1.12844591681364e-3 1.91397995010769e-3 1.38859653828157e-2 0.246259282000179 0.233428839935655
1.56061894754822e-3 2.01361312523706e-3 7.7560531060101e-4 3.057783914959e-2 0.307311460201181 0.157760863265843
4.83689920979591e-3 2.40551507714194e-2 3.03235078415323e-3 1.25831009181148e-3 0.22283338978603 0.24398389935679
2.45528671265926e-2 5.00862114275694e-4 9.03421175724456e-2 9.32059569855397e-2 0.203489624574198 8.79085716269485e-2
3.11094810909871e-4 7.37730362325823e-4 4.6696608170443e-2 0.13734461450816 9.82505020750594e-2 0.216659450073102
3.94004808110217e-4 4.31126988813755e-4 2.9453500881183e-3 0.186928938507998 8.54510608124637e-2 0.223849518794496
2.39862027363584e-4 2.05173332002039e-3 7.56327829541311e-3 5.36512507351993e-3 3.24571638749006e-2 0.452322837408782
5.27525486881469e-3 3.6236253305402e-3 9.54691137123244e-3 7.51814358970286e-2 5.05645783384844e-2 0.3558081941939
2.14057461151882e-3 8.16685492394908e-4 2.83996171567054e-2 1.76557981143762e-2 0.398451159025975 5.25361655990296e-2
1.37258665102231e-3 1.83018522565403e-3 0.160877150810308 0.122965432865353 7.82347005243828e-2 0.13471994392328
1.20145719850693e-3 6.13363366073869e-3 3.83204793180072e-3 1.91623572877984e-2 1.33516253727869e-2 0.456318878548368
1.11708314218395e-3 6.1029081349497e-4 1.45202903531133e-3 3.55259096638802e-3 0.12118688537088 0.372081120671742
3.57293564401754e-3 3.2999896729286e-3 8.37884446734279e-3 0.124162032355259 5.88786796657861e-2 0.301707518194666
3.71540619363399e-6 5.57330470641001e-5 1.12010636892117e-4 5.95824356052915e-4 4.30781433869785e-3 0.494924902215099
1.21635237468717e-2 7.29493996174981e-2 4.49165720856815e-5 9.1573783374561e-2 0.275155327658627 4.81130490303566e-2
0.135397883659226 4.21404070466127e-2 3.98227463771871e-2 0.119575463248022 6.17140403591923e-2 0.101349459309759
2.2897825144858e-4 3.1907772975679e-3 1.21808034130904e-3 2.83092152292865e-3 3.39948270123552e-2 0.458536415574391
2.10011080103598e-3 2.70888296597677e-3 1.62903239696803e-2 1.95131850340955e-2 9.76263594504519e-2 0.36176113777876
5.52726651213107e-2 1.56920201909125e-2 1.51069012340338e-2 7.24254810877249e-2 0.229428854253143 0.112074078112875
4.43794061561132e-2 6.74445136048611e-3 6.33075255057356e-2 4.88782788666028e-2 0.108185667919271 0.228504670191791
4.80280300435294e-5 2.5033825220737e-3 3.14376666326557e-3 9.35616374463408e-2 2.66260235511069e-2 0.37411716178717
7.27514778289559e-3 1.03917745825909e-2 6.90636093700185e-2 1.07738961139445e-2 0.132101227909009 0.270394344241542
2.11874823745826e-2 8.19516095823753e-5 0.144007175526673 5.78241693519158e-2 0.173982977836046 0.1029162433012
1.35717844182911e-2 5.45486995478055e-2 2.18467250479238e-2 4.12417354751565e-2 0.301207509902571 6.75835456082521e-2
2.23476392970115e-2 1.42110413642475e-2 2.11435203406179e-2 0.101483297408612 0.157851995193298 0.182962506396213
1.89598782162346e-3 5.01343651858173e-3 4.63735658127263e-3 0.100985291094593 4.6261884099209e-2 0.34120604388472
1.26109655564067e-2 2.08443895556383e-3 1.65795357190453e-3 4.35292011894464e-2 5.28355977745612e-3 0.434833880949222
1.23129495206238e-2 4.94716728001617e-2 1.43770756855539e-2 9.68205415451478e-3 1.86373379808302e-2 0.395518909858316
6.14359277647912e-2 3.58544875068285e-2 4.41657707893493e-2 4.57571481071249e-2 0.125102819408651 0.187683846423255
1.42522056290939e-4 6.03686971450547e-4 1.47545777780357e-3 2.86943838510178e-3 0.373260185230146 0.121648709579207
3.67905950023003e-3 1.38865702839922e-3 4.3546221496996e-3 9.91661664787473e-3 8.47514175212317e-2 0.395909627152565
7.4048278944217e-3 2.36348011318742e-2 7.66074527796631e-2 0.148296146195937 0.224097764598966 1.99590073991376e-2
5.31295734898348e-5 1.90576349353471e-3 3.38823665507658e-2 3.08886104051336e-2 2.7400325232528e-2 0.405869804744548
7.63108104571995e-4 1.2023395423685e-2 5.97962643674709e-3 1.46944875963361e-2 1.05232626567707e-2 0.456016119781889
#
2.46904559383612e-6 8.05149440960942e-4 7.53902365890565e-4 1.61121570682427e-3 9.30138078147119e-3 0.487525882659259
1.05183529698606e-2 2.8634988392268e-3 3.33392322656187e-2 0.282199591693739 0.126487676405144 4.45916478264107e-2
1.0840919460356e-3 1.15582758572188e-3 7.73838462572803e-3 2.22138831229451e-2 4.03867339689753e-2 0.427421078750594
3.16108722119989e-2 1.7703780837726e-2 4.12795288579463e-2 3.40988828576402e-3 8.52616248497919e-3 0.397469767321586
5.09622096146578e-3 2.99528604916483e-3 1.38388748231228e-2 6.50196597035826e-2 0.166627783495573 0.246422174967091
1.60073226820406e-5 2.43598353825816e-4 1.12553070166675e-3 6.38409997306677e-3 2.0468947422123e-3 0.490183868906546
1.11566107690889e-4 2.43893282661292e-3 9.9484639528953e-3 1.86277273892655e-3 4.39924770707033e-2 0.441645787303171
4.74500431268674e-3 1.28453653834478e-3 9.77033105001624e-3 1.0667518432312e-2 7.97144490681378e-3 0.465561164759826
1.41883607678448e-2 8.93060800313878e-5 2.22251405780494e-2 2.9161059983591e-2 4.59733244894353e-2 0.388362808101048
5.35439294029418e-3 4.56863273441635e-2 2.47611564901752e-2 6.52486780815872e-3 0.338985077401947 7.8688178015262e-2
3.56227369450002e-2 0.134821933773213 7.68229548142956e-2 7.94079112981071e-4 1.85588928151067e-2 0.233379402539404
3.79860559457571e-4 1.33711236954468e-3 1.3364036859565e-3 2.62282472630356e-3 0.104913910407328 0.38940988825141
2.63357818206227e-3 7.13539754150349e-3 3.19357765038334e-2 3.82293912811012e-2 5.98958855705982e-3 0.41407626793444
1.24234053422031e-3 8.32955178706951e-4 9.03118704474731e-3 3.45423814874185e-3 4.73762922977638e-2 0.43806298679582
7.56388158889143e-3 1.71337275856742e-2 1.01364484820916e-2 1.01349980531307e-2 0.259544419358365 0.195486524931847
6.23951321315488e-3 2.5658335186456e-2 1.36464739567614e-2 5.85939742140043e-2 4.97169261502659e-3 0.390890010814597
7.80742124050054e-3 5.15434187223613e-3 0.115569018828087 6.75270191440864e-2 4.77269756845679e-2 0.256215223230522
1.11420722311397e-5 2.44116967418022e-5 2.56458658747826e-4 6.29897388541554e-5 4.35577806533261e-2 0.456087217180099
9.65913824787466e-3 1.62398725793007e-2 0.18987920287074 2.14510410001331e-3 0.111756478827782 0.170320203374289
1.06085331288701e-3 4.09321266353587e-5 2.79957687906071e-4 1.86548122510265e-2 0.254409322625477 0.225554121996068
4.8768152535294e-2 2.04345835141066e-2 1.68942097488486e-2 0.130479095492759 3.42901288670733e-2 0.249133829841918
9.93273216513794e-5 1.78116027447214e-4 1.16369077741713e-2 9.79354321429322e-4 0.336494870597854 0.150611423957446
2.96702887431135e-2 4.55395285039853e-2 9.7171034379991e-3 0.102987612172288 4.42752459065431e-3 0.30765794255196
1.68817138318416e-3 4.28503111958585e-4 4.54732743165196e-3 7.94875569052568e-3 0.204425390662465 0.280961851720215
1.91704866645989e-2 9.71250704411351e-6 1.0216190316936e-3 0.147581920585332 0.311392180868521 2.08240803428106e-2
1.25997119966794e-2 5.76410368945398e-3 2.58606739705037e-2 0.216956280439289 7.43082174483874e-2 0.164511012455686
1.58690101799825e-2 1.0466243196814e-2 7.33398177367273e-2 0.162065457397075 0.1355694101201 0.102690061369301
5.98251777821847e-3 4.49724977948948e-3 3.07877783984167e-2 6.77038314169079e-2 0.110463709901464 0.280564912725503
1.16215409465225e-2 1.81369963744829e-3 5.60610050299711e-2 9.88147565530084e-2 0.191132983624668 0.140556014208382
9.91719990073642e-3 3.49450742764147e-3 1.02816788466828e-2 0.113313623900304 7.47921031260403e-3 0.355513779612032
6.73052965867693e-3 3.27437710201458e-3 6.87648999360527e-3 2.74070606082842e-2 3.81172884260853e-2 0.417594254211334
1.5518622405521e-4 4.02830601531959e-3 2.65403140414601e-3 5.44260081777746e-4 2.85984280849362e-3 0.489758373466208
9.29550260367305e-3 6.06350142670871e-3 0.203313682688815 0.157126013648748 6.49720027395329e-2 5.92292968925225e-2
1.80307498199886e-3 5.4432611362611e-3 0.145581974448702 9.16445018227211e-2 0.142547605978141 0.112979581632176
2.62260243206234e-3 2.55137540657515e-4 7.04559486242143e-2 0.119706324446715 4.44115902374074e-2 0.262548396718944
8.76971969398077e-3 2.13136704216954e-2 2.95145305827352e-2 1.90450894270798e-2 0.243309155361709 0.1780478345128
2.5326467977174e-3 2.82386347210413e-3 1.13430087409668e-3 1.49633711210647e-3 1.70490577589122e-2 0.474963793985063
2.02491450717684e-6 1.5631379804463e-6 1.85081520564792e-4 7.4757096519021e-3 1.19131614975397e-3 0.491144304625292
3.04979914283358e-3 6.687938609876e-4 0.150271589826616 2.88102438690846e-2 3.25060268075489e-2 0.284693546492929
4.95657014344442e-3 4.70701668143845e-3 4.56367506598486e-2 1.95894654749053e-2 0.199858899469016 0.225251297571348
2.50466042501944e-2 8.47035080292169e-4 6.09793999074849e-2 7.84314256195161e-3 5.60315137423657e-2 0.349252304457711
6.54838646671427e-4 2.62114101526249e-3 8.6412109018231e-3 3.42954536381543e-2 0.305053142177322 0.148734213620766
3.73201115181709e-2 2.42673795474863e-2 0.106157269812235 0.273593313054862 1.805562081234e-2 4.06063052549056e-2
3.27667873285697e-3 5.60318348733431e-3 3.98464385050094e-3 6.87384277985365e-3 0.128705569195271 0.351556081954183
7.48995134482394e-3 6.82998579994746e-3 5.24793605795756e-2 2.3580054891961e-2 0.317841397620679 9.17792497630134e-2
5.2752507380822e-2 1.8889887544213e-2 6.61893856066408e-3 0.258828205214797 5.50948090949118e-2 0.107815652204592
1.03717228165272e-3 8.19695208817307e-3 5.72912333020498e-2 8.65345520866838e-2 0.255540786095773 9.13993041456674e-2
1.52584626664882e-3 1.78134401886167e-3 3.46987072022168e-2 0.123731224796393 0.112806572529869 0.225456305186011
1.42551671921637e-3 8.68734705894236e-3 9.16535481319353e-3 0.319637341483463 0.113363254879998 4.7721185045187e-2
0.180439498495223 1.0606573195576e-2 2.56038153684811e-2 1.9030508132067e-2 0.240455387462182 2.38642173464709e-2
#
1.47153045915256e-3 7.12087441106298e-3 6.90729922275712e-2 9.81689358792329e-3 2.14965319595457e-2 0.391021177354744
1.94690149000504e-5 9.11359759294569e-6 1.04644068603187e-4 5.95085624184779e-5 0.191781012298601 0.308026252457884
2.88843909578857e-2 0.17266846481643 3.65541880224553e-5 5.73497695096979e-2 0.163666328964694 7.73944915632692e-2
1.2169293486583e-2 5.33439996356172e-2 0.129425209037316 5.17158746429542e-2 0.116947203629029 0.136398419568501
8.12233606103106e-3 6.79637490404497e-4 2.44544292686899e-3 3.80886193668084e-3 0.169279863121183 0.315663858463831
5.11091235429961e-3 8.03505192998586e-4 5.49284008366585e-2 0.107226192754791 0.154137385388006 0.177793603473247
2.32876738452321e-2 5.9942479270269e-4 4.06496040119374e-2 5.90176642580311e-2 3.72579477667332e-2 0.339187685325363
4.29905496332504e-4 3.84130353182693e-3 4.04543791804781e-3 4.57292922747245e-2 2.09579655701532e-2 0.424996095208915
0.192319431430238 2.91578659202252e-2 6.39977779929225e-3 9.37763373828598e-2 6.01437050591262e-2 0.118202882408259
1.44962690575973e-2 1.80050729988497e-2 3.00955819912927e-2 0.104359896078749 3.44958214823811e-2 0.29854735839113
1.8236584169946e-3 5.3692868132225e-2 5.25731694678516e-2 7.19668026882945e-2 0.149021400438236 0.170922100856398
3.68033282093777e-3 2.39194265824041e-3 5.20456694110244e-3 3.49291598090946e-2 0.37379097900957 8.00030187610551e-2
3.49936498989778e-3 6.93797158169063e-3 4.90096536907557e-2 1.4622926468988e-2 0.133172653716982 0.292757429551686
1.62864110635766e-3 5.39336792983184e-3 2.93604280437624e-2 0.133530192230924 3.93444815070674e-2 0.290742889182057
2.04276184847384e-2 0.135884842191727 4.19983446551204e-2 0.105365273948748 0.104883377610376 9.14405431092906e-2
2.59168148757711e-3 1.96274602975994e-3 5.42785611994756e-3 4.62039575360842e-2 8.39286446467605e-2 0.359885114179871
2.80396867361474e-3 3.6987544495153e-2 7.28589429030171e-2 6.46941967929704e-2 0.180471595968361 0.142183751166884
6.49517537986339e-3 3.79987481545913e-5 3.2714363950998e-3 8.31814855446655e-3 6.33157737579581e-2 0.418561467164458
1.10248800894647e-3 9.23066264287308e-2 9.96631402856278e-2 5.1511190766017e-3 8.90789576343312e-2 0.212697668565762
1.12712454276462e-2 1.71600880961224e-3 7.58936557133179e-3 0.286744138811854 5.32183926702388e-2 0.139460848709317
4.52577630103847e-3 5.1734661949668e-2 1.79804034779921e-2 2.96658438944507e-2 7.17407317748561e-2 0.324352582601995
2.78910879075182e-2 6.30986555321562e-2 0.162203414732341 3.08751790181382e-2 3.07071824950963e-2 0.18522448031475
8.9034994602515e-3 7.23906549046681e-3 7.1150921996956e-4 2.27841715270529e-2 7.25551190045144e-2 0.387806635297745
1.43732879412462e-2 3.75275553727552e-3 2.64016971546789e-4 7.57480443221224e-2 4.58301177658036e-2 0.360031777462006
8.77347947863446e-3 1.82577719650454e-2 0.109675664362818 0.189607815958711 4.48440256546561e-2 0.128841242580135
4.79470800429347e-4 2.07857707642671e-3 8.57295026392799e-3 2.87276764341499e-2 0.30754539415556 0.152595931269506
4.88088453863593e-4 2.39679352644722e-4 4.31742967176598e-2 2.97867389745061e-4 8.59327429204774e-3 0.447206793794039
1.00450775176763e-3 2.09420266687415e-3 3.01205600351542e-3 1.11962619927211e-2 0.121829844369886 0.360863127215236
1.12112059808804e-2 1.07603977763769e-2 7.149640214197e-2 6.09185423926513e-3 2.29020968442236e-2 0.377538043017284
6.48251048564411e-2 3.6001990650734e-2 3.27617293584283e-3 1.45890923991019e-2 5.98024950025263e-2 0.321505144155354
1.97966301947643e-2 8.54978414576261e-3 0.185767706715084 4.07678996731889e-2 0.116715532814759 0.128402446456441
3.54787431137614e-2 4.93708885712449e-2 4.20669394730779e-2 2.25811016499179e-2 0.130248458828082 0.220253868363916
5.77496813236694e-2 2.20021690666216e-3 5.05818281606567e-2 5.83850549131994e-2 0.319486375788631 1.15968429071814e-2
4.94193428885044e-4 5.45185402398294e-4 3.14613228014648e-3 1.00192498980575e-2 2.94332925938144e-2 0.456361946396698
9.65441633246408e-4 1.01492487326759e-3 8.73523843232262e-4 7.03836491696018e-3 0.100394596198198 0.389713148535096
2.50236630896991e-4 5.05444774508626e-3 2.84256971117707e-2 4.74116973693022e-3 0.229508553445235 0.232019895330081
2.11787387149855e-3 8.76570779897923e-5 7.9635079094819e-3 9.47662921026491e-3 0.185869269665702 0.294485062265063
7.07181572312857e-5 1.86200569380478e-3 3.01630294738327e-2 7.60060888642275e-3 2.16893122194112e-2 0.438614325569297
1.09449511088541e-2 4.84953722920566e-4 3.27653554694387e-2 2.96695709190693e-2 0.112255157427063 0.313880011352655
8.35296085577319e-4 1.73103571358535e-2 1.11516550574149e-2 0.216672059412002 6.49573205904721e-2 0.189073311718681
3.94425308551396e-3 8.92128718799719e-5 1.40297631100619e-4 2.75552270205924e-3 2.87834581375186e-5 0.493041930251309
9.03241481459582e-3 1.62615101070308e-2 1.85634895427857e-2 5.09808053606482e-3 0.380515032185335 7.05294728141881e-2
7.93779371171686e-4 2.00213055114898e-3 1.15905362570872e-4 7.08644559247389e-2 0.394546547175957 3.16771816144125e-2
3.70108035776751e-3 6.24943000275595e-3 1.7541586219815e-3 2.77397021130189e-2 9.22713937230568e-2 0.368284235181419
4.90320389451631e-2 1.38850926064341e-2 2.00998447486002e-2 1.31398466281108e-2 2.47341008691896e-3 0.401369766984773
5.95776966373669e-3 8.43505597414844e-3 2.11806862759603e-3 2.46229892444255e-3 0.177494367384706 0.30353243942537
4.68761955857442e-5 1.29199656869983e-4 1.68798285246186e-5 2.25170626851168e-4 1.37738887822662e-3 0.498204484813942
1.93654575140495e-2 4.54903886534197e-5 2.86299735526054e-2 3.27064392013928e-2 4.94670879565134e-2 0.369785551386785
1.42998311762647e-2 2.05622183143994e-3 1.71517490017419e-2 0.143500186442672 1.38628373036966e-2 0.309129174244185
2.57202769501917e-3 9.22852232433869e-3 3.88381579069532e-3 5.62488827571816e-3 0.415878112072552 6.2812633841677e-2
#
2.21265959062937e-2 9.14028581940503e-3 4.98413381778103e-2 0.19321899380565 0.122325927137785 0.103346859153056
4.80511008084975e-4 3.45945936270878e-3 6.51738761840086e-2 5.62388743350326e-2 6.14728111976744e-2 0.313174467912491
5.94459238233848e-3 2.6004088496749e-4 1.24937981174854e-4 3.32062958030746e-3 5.07717451922051e-2 0.439578053979007
3.11892966823138e-2 6.76378030795173e-3 1.36050320790301e-2 2.70278850366622e-2 0.25846597414123 0.162948031752812
1.77124735816573e-2 3.69553039126832e-2 8.02150053507405e-4 3.99423184305297e-2 0.154190383009651 0.250397371011971
2.37175104960479e-2 2.40088209291099e-2 9.44015313109016e-2 1.46687947294697e-2 8.78749756498219e-2 0.255328366884649
4.27016508100473e-4 1.96284085910712e-2 3.44047625593976e-2 4.35264032686726e-2 6.49272303205899e-2 0.337086178752168
2.68359384255277e-3 2.12922205712387e-2 1.25111628534696e-2 0.17438300461649 5.92743506751645e-2 0.229855667441085
5.57991508865588e-2 7.31256026897699e-2 2.06262553364918e-2 4.04908221941233e-2 0.280886909567187 2.9071259325869e-2
7.64928385224966e-5 1.48226161369801e-3 1.01580676633228e-2 2.88594784559507e-2 3.61472422271535e-2 0.423276457201353
2.91747110870961e-3 4.85621055294303e-3 1.62960088490999e-2 4.95188806059126e-3 1.33743526513166e-2 0.45760406877734
1.07538545243037e-3 4.32529783473509e-3 1.17234158482443e-3 3.43760991265001e-3 4.38819444029491e-2 0.446107420812411
1.53726606375617e-3 1.51629039975032e-3 1.30911679683841e-2 8.80629692355104e-2 0.206461952610003 0.189330353722596
2.03884081793936e-2 2.91707276700674e-2 0.122202908853169 8.9451259644754e-2 4.98314171869638e-4 0.238288381480746
6.88353471353121e-3 5.71132615709714e-2 9.80628252704704e-2 7.37868596126405e-2 1.86150984413323e-2 0.245538420391054
8.97254676787818e-3 1.44871164692728e-2 5.10669754081748e-3 1.34523669764697e-3 0.213665696223795 0.25642270630059
1.32580907985978e-2 3.79681287613249e-3 1.43211865749496e-3 6.40608241082884e-3 0.278053079927008 0.197053815329938
4.4644747822828e-2 8.18966549027423e-2 1.67775026480899e-2 2.03227016071676e-2 0.332246445292662 4.11194772651047e-3
0.124002818447367 3.97680265604904e-2 7.25038066935525e-2 0.143132931403196 7.59219328458361e-2 4.46704840495579e-2
5.43680820662712e-4 3.56874733256199e-3 0.12519514497173 0.104150286850084 0.180682417759984 8.58597222649771e-2
8.72068639428503e-3 2.09550407878424e-3 0.21600559714166 1.41927047512998e-2 2.98656369484084e-2 0.229119870685562
7.86019352636321e-3 1.44264579322174e-3 9.97329916435544e-2 0.163122801608051 5.15475702542037e-2 0.176293797174605
8.44473588446873e-4 2.2768272479156e-3 3.77161342212681e-4 1.9534281653259e-3 3.06477404399778e-3 0.491483335612101
2.2343488292413e-3 1.27845566276984e-5 4.93600021670432e-2 2.44692090850245e-2 0.266000114722408 0.157923540639655
1.2521478126966e-2 1.25018564555465e-2 8.47728045126854e-3 0.173355663932237 0.148554534320608 0.144589186713374
6.92897628824279e-3 5.95582115428374e-3 2.68722183091899e-3 0.117811205508031 3.18666468511901e-2 0.334750128367334
9.01682463659369e-4 5.08014742405957e-3 8.64496383672386e-3 1.22630755049004e-3 0.444126911322574 4.00199874024931e-2
4.75057709716519e-6 8.48173641714446e-6 1.79469217466008e-6 1.71423734687226e-5 3.64013394903047e-2 0.463566491130538
1.39840812865388e-3 4.96419195910399e-2 5.22596460740275e-2 9.14599247907187e-2 0.158040187487647 0.147199913927913
5.17769778801433e-3 1.85357860231874e-3 7.62769388533132e-3 2.52698612434709e-3 6.90508434744418e-2 0.413763200125547
2.61417488728689e-2 2.2678194237267e-2 3.13787791369228e-2 0.357988419691978 5.22619073337472e-2 9.5509507272164e-3
3.55332110401813e-3 1.78009216826268e-3 8.71681584008784e-2 0.260701664714868 5.99821036910724e-2 8.68146599209004e-2
3.45254217079975e-2 0.146363085109468 9.10971692733545e-2 6.44240634322651e-4 4.42510609021579e-2 0.1831190223727
2.85464703194012e-3 2.03912564930664e-3 6.73392018064145e-3 9.05651827312297e-2 3.26947813651378e-2 0.365112343041744
2.02066926650809e-2 7.50739079548646e-4 5.77264449395608e-2 2.09519681357389e-2 5.37716618962324e-2 0.346592493283838
1.59843012069537e-2 2.57718182437389e-2 0.204706165015371 1.07631490664433e-2 0.203934565931741 3.88400005357527e-2
4.39999358032189e-4 2.1636741114561e-5 1.15455702261866e-4 1.45960489535758e-2 4.71445845450211e-2 0.437682274699994
2.28139357690968e-2 3.54383308278665e-2 3.61424019582592e-2 9.42395078361405e-2 0.283917494219799 2.74483293888384e-2
3.17422542408886e-4 3.76874876818369e-4 2.4709003380048e-4 1.21452904763567e-3 7.53575841178584e-2 0.422486499381478
6.17883095482552e-4 7.5695892704484e-4 6.05501133453015e-4 2.80122843652628e-3 4.26168014485151e-2 0.452601626958978
1.17559621123008e-2 3.93824516873432e-3 5.11340145817066e-3 4.99073027891919e-3 6.77023152385452e-2 0.40649934574333
4.4992447181828e-3 1.1648880804866e-2 6.10670485424861e-2 8.07734619795751e-2 0.333883820341516 8.12754361337403e-3
9.13204801517717e-4 3.05705492919452e-4 5.70137965279058e-5 5.70422078112328e-3 1.91798922851119e-2 0.4738399628428
3.03628218960524e-2 1.21917431163852e-2 0.137720281671594 5.59321628685888e-2 2.10494451224919e-2 0.242743545324888
7.96377216480725e-4 1.5259110755988e-3 9.51238930284766e-3 2.39415289141502e-2 3.3407891915864e-2 0.430815901575059
8.01404609614411e-5 4.90217649480867e-5 4.74752083768697e-2 1.06422405757688e-2 1.65813162538605e-2 0.425172072567591
2.62705811553567e-2 3.84543304360172e-2 1.90495392638394e-2 0.127908599010337 0.137379099011432 0.150937851123017
8.40728805627272e-2 6.12791670880159e-2 3.36423980258388e-2 5.89570145468523e-2 6.58022654102377e-3 0.255468313235542
0.152036258613628 1.57688695539751e-2 3.49426204919612e-2 0.244789817593333 5.08235211428546e-3 4.73800816328172e-2
1.26348226266407e-2 1.08408443938649e-2 3.44024596071963e-2 8.39894540141334e-2 0.208647468239466 0.149484951118699
#
2.78899091242042e-3 2.49102861868301e-4 1.56034834803652e-4 1.28395215766801e-2 4.66655180654491e-2 0.437300831748778
3.22824480716302e-3 6.94857068410131e-4 1.08551997267781e-2 6.67997594289035e-2 0.256590305938387 0.161831633030359
8.74396976376768e-2 1.02110325583859e-2 3.47376202141692e-4 5.05679661753904e-3 0.11791183038076 0.279033266603496
6.74374323278579e-3 1.25143383228156e-2 7.81358178000388e-2 3.99305944290699e-2 0.338955637348693 2.37198688665963e-2
2.35330263056109e-2 0.106162848842574 0.146559122262736 3.46847318746881e-2 0.126451757169794 6.2608513544597e-2
4.57846532306168e-4 1.57472455410754e-4 2.88507631485281e-4 7.68406471146715e-4 0.307880164167091 0.19044760274256
7.43199263323892e-3 2.72158825513484e-2 1.15989138950036e-2 2.83288021276818e-2 4.88610940360864e-2 0.376563314756641
8.82167624614808e-4 3.82679663361968e-4 8.75086579894688e-5 8.1055216991393e-2 0.413156042174072 4.43638488856907e-3
1.42983514260563e-2 1.17605206091311e-2 7.06793324820419e-3 6.75963743270245e-2 0.168459733985945 0.230817086403639
8.87421499640591e-3 5.53825489093467e-3 0.39142887573389 2.25326890965783e-2 6.27443261780709e-4 7.09985220204101e-2
5.72306226802718e-3 2.11978116914488e-2 1.14122428599287e-2 4.95984363740782e-2 0.354693039700565 5.73754071059522e-2
3.15635928440063e-2 5.04753322585136e-2 0.140511281845205 1.0996448855094e-2 2.58616054792749e-2 0.240591738717906
0.126451352801331 2.74214311616517e-3 9.62824250951605e-2 0.106102385973551 3.93208777934749e-2 0.129100815220317
4.13034209931357e-3 1.6442319821456e-3 5.24559766815082e-3 1.17400426225485e-2 8.73643473819548e-2 0.389875438245887
3.1974806860239e-3 7.26952293451471e-3 7.85233572118915e-3 1.4945366343778e-3 8.61248953471668e-2 0.394061228676728
1.54542740838872e-3 2.76208250653035e-3 7.79309715418685e-3 9.23206844179501e-3 8.32468862734156e-3 0.470342635861758
0.211532075567839 0.101697754003038 1.51607905118723e-3 1.63670901175165e-2 2.84814040298113e-2 0.140405597230608
1.85810734965071e-3 2.30691521016101e-3 1.02525058155875e-2 0.100268612072686 8.52516051081211e-2 0.300062254443794
1.57758429199709e-3 5.65926714985639e-3 3.29581909886011e-3 1.04318577264944e-2 1.28226328603571e-2 0.466212838872435
1.40281918419608e-4 9.46190002086597e-5 3.73286657769908e-4 5.63305698363468e-4 1.23183173128439e-4 0.49870532355211
1.34782778146923e-2 1.20702818082141e-2 9.71293620407952e-3 1.89406766829179e-2 8.5183471435817e-2 0.360614356054279
4.67767060417469e-3 8.29420270438451e-3 5.52359375907046e-3 0.280766343228892 2.62439473266004e-2 0.174494242376878
1.37100625781427e-2 0.108269388871191 3.59277229323594e-3 1.0297689647305e-2 0.275990535343033 8.81395512670928e-2
1.609938421625e-2 2.64980390956668e-3 2.88436023530844e-2 4.95572364814407e-2 0.100886928102907 0.301963044936752
5.22869066648943e-4 3.50100860555292e-4 6.23346877876426e-4 3.04690247411689e-3 0.268917935510215 0.226538845210587
6.12320633077333e-4 9.25489915243982e-4 6.29872134362508e-3 1.00815657844747e-3 0.354784118943756 0.13637119258585
2.41670235634574e-2 5.95175203973617e-3 1.9861881551936e-2 7.45512826157212e-2 0.352727887064981 2.27401731641684e-2
3.43403442497517e-3 2.17509356341699e-3 4.69503921915099e-2 1.39696684391355e-2 0.194609638344053 0.238861173036909
3.09616376041858e-2 2.67562230941237e-2 6.19256976312975e-2 0.113876670332069 0.147349710041983 0.119130061296341
7.53968975867385e-4 2.16127553580024e-3 6.5687650838346e-3 2.03469731494987e-3 1.90403714283642e-2 0.469440921661184
7.4695161297438e-3 1.53171419822612e-2 3.58972159790121e-3 1.25440421997518e-3 1.72847529752524e-2 0.455084463094866
1.1317135950893e-2 1.0248392779333e-2 1.4675557074401e-2 0.116420060588519 3.98266506028786e-3 0.343356188546566
3.05966276785072e-4 3.90874171854804e-3 1.39250121535231e-2 4.97999228632514e-2 3.12150135541783e-2 0.400845343433714
9.66939760842982e-3 2.00689191114052e-3 5.65115622033144e-3 4.24560710640079e-2 0.274459843327251 0.165756639868839
5.50729006667361e-5 2.8714249330995e-4 1.8131343012058e-4 2.23892831221508e-2 5.64752614325547e-3 0.471439661910496
6.43856298537428e-3 2.2207377276608e-2 3.44646456835632e-3 0.102389481558455 8.66052216146885e-2 0.278912891996518
4.68617459701795e-3 4.59451340331418e-3 1.28163342594845e-3 2.43347576593139e-2 4.47909545062162e-2 0.420311966408189
0.103728986207258 2.9527748077659e-2 3.70728463567896e-2 2.51769234793992e-3 6.71091830958629e-3 0.320441808700767
3.51961389747764e-2 3.50599738050827e-2 2.15157904459642e-2 0.17693968189817 0.120144761310387 0.111143653565619
3.35343547843238e-3 4.28688052856002e-3 2.2356907681883e-2 0.22865979607909 0.173727154750501 6.76158254815339e-2
4.39929768045351e-4 2.35093550544784e-3 1.24948490645591e-2 0.121380526347297 6.86853380785986e-3 0.356465225506791
7.61124176811678e-3 1.21544079513943e-2 6.56273288549063e-2 3.51334770057062e-2 5.18465687812582e-2 0.327626975638618
1.82336480878469e-2 3.35086420403284e-3 0.159003499739572 8.56582325646152e-2 8.11581100504575e-2 0.152595645353475
1.43768792997957e-4 1.89338768529123e-3 3.02664957267785e-3 6.72165373008575e-2 2.97117636324038e-3 0.424748480284935
3.582047877487e-3 3.67110295122502e-2 2.26953042569885e-2 0.340170491987211 9.55874045955803e-2 1.25372177048294e-3
2.97036431354593e-4 1.06468422421825e-4 1.41185276013458e-5 2.06527358484859e-3 2.44002969483054e-3 0.495077073338943
3.53320516725451e-3 2.89576877434725e-3 4.83290757589479e-3 6.94442452076555e-2 0.152558678201207 0.266735195073641
3.50272186018868e-4 1.50284919638335e-3 4.45984129467808e-2 1.26982485169235e-2 0.135459320968876 0.305390896185018
2.45170138975356e-5 1.50320534416981e-4 1.23685569708954e-2 9.26512028251526e-3 0.238905219052379 0.239286266145895
2.03817620280469e-5 1.77419409832145e-3 1.03558589866913e-2 6.56619991317209e-2 0.143216823525987 0.278970742495251
#
1.12064750586401e-2 1.37685476158119e-4 1.12304594915317e-2 5.84075491955367e-3 1.62177267468344e-2 0.455366898307282
1.9161800966751e-2 2.3704660187658e-3 2.33513256865612e-3 0.119065864117435 4.55465566825257e-2 0.311520179645866
2.88946593741296e-3 6.92904326899724e-4 5.01291301942205e-2 4.83811596769501e-2 5.49596592016894e-2 0.342947680662827
3.48649644683896e-3 2.93169809513901e-4 1.60419162525441e-2 4.87043160796345e-3 2.56609391796281e-4 0.475051376491343
1.87819208334057e-2 0.112456083389122 1.05655483863182e-2 0.276209952560033 6.88330808158565e-2 1.3153414015264e-2
3.18366599607126e-2 9.10046800845674e-4 7.85076562676706e-3 1.32212250798683e-2 1.6024890728406e-2 0.4301564118034
5.9654001279437e-2 2.50293533201519e-2 2.69081459381922e-2 0.143979569047404 0.234665979703042 9.76295071177324e-3
4.59893102950838e-2 0.152988373619016 4.1837521989142e-2 1.34988988926127e-2 0.111670963867162 0.134014931336984
1.40335326380701e-4 2.43539159498226e-5 7.37982100577487e-3 7.76193089479587e-2 9.49495090429379e-2 0.319886671760998
6.66144117530357e-3 2.52019185974149e-3 0.112527983068291 4.53523286525782e-2 3.45894543618179e-2 0.298348600882268
0.116694208625401 5.18767670719651e-3 0.1153780719346 4.36430315373178e-2 0.198222498803912 2.08745123915721e-2
1.9703061417653e-4 9.07217353038821e-5 2.30949669986159e-3 6.46410211135322e-2 0.175501361511723 0.257260368325403
1.24250691891454e-5 5.77437089816961e-5 1.56371756150122e-2 1.93441600543133e-3 0.45856584119529 2.3792398406096e-2
5.1358164319543e-3 7.63010179375669e-4 0.230770226636684 8.16161108951068e-2 0.138146848444866 4.35679874120131e-2
3.91779666057188e-3 4.46256216933933e-3 2.34537292152577e-3 7.2312598440961e-2 0.307844664969241 0.109117004838361
1.86160729182656e-2 2.00315952803758e-2 1.77070090238272e-2 7.4450968282331e-2 1.92714370146558e-2 0.349922917480545
5.51148979202517e-3 1.17819761441248e-2 4.39774041139869e-2 2.7377934259559e-2 0.111081955735528 0.300269239954776
9.44352830779323e-4 2.6138977168355e-3 7.50000485403707e-4 3.87968199706361e-2 9.0818363943927e-2 0.366076565052418
6.9716166177608e-2 4.18330927351962e-3 0.243608546114642 1.82917053645382e-2 1.11385640973399e-2 0.153061708972352
2.07335417629377e-3 6.08536546297954e-4 7.08011454727045e-3 2.63694905365506e-2 0.135917940060607 0.32795056413298
1.99690282888466e-3 1.81792357991534e-4 1.2856037778446e-2 8.56843929204405e-2 2.1325437930187e-2 0.37795543618405
4.81538117463789e-2 1.81231877351015e-2 1.1909787663025e-3 6.96959461874753e-2 0.120890734455469 0.241945341109273
4.27372578605838e-3 6.91880352942167e-3 4.9840716884333e-2 0.125092759271702 1.5744245370958e-2 0.298129749157526
4.71108837422262e-4 1.47459516471264e-3 1.27987601625933e-2 1.96068297492998e-2 2.43185169951305e-2 0.441330189090842
1.32542035854556e-2 1.10899378285965e-2 2.50704319022674e-3 7.38790531796843e-3 0.332154415611162 0.133606494466591
1.31893346517582e-3 3.10911294855391e-3 3.28130706620469e-2 0.15816260338552 4.82398827069651e-2 0.256356396831738
1.63454915187376e-2 0.126055671877572 2.21671118531308e-2 5.86246876758251e-4 0.16580950500057 0.169035972873231
4.75511074350163e-3 6.33341157509348e-3 5.39630802400157e-3 1.75527122704496e-2 8.50172894724807e-2 0.380945167914473
5.78166567425797e-2 3.10195102252934e-2 8.68061681859519e-2 3.01301255220818e-2 0.115735828322952 0.178491711001141
1.43364577290924e-4 4.51198481055332e-2 5.5636931856913e-2 4.9285273274881e-2 9.28344637239723e-2 0.25698011846141
1.96913145488651e-3 1.21924163390271e-4 8.82248638951898e-3 0.156558374161604 4.33695329063704e-2 0.28915855092423
4.88041757420511e-3 4.34372182595143e-3 8.03802338580476e-3 2.96695365491252e-3 0.222365256386031 0.257405627173095
1.22899591986392e-3 2.4089776845182e-4 5.94587489897514e-2 1.76036726557579e-2 2.29348736267995e-2 0.398532811039376
1.23647457380728e-2 1.50243735577304e-2 2.93425168357296e-2 6.27706513479128e-3 0.185549909061478 0.251441389672198
1.35601147123321e-4 2.43078248432229e-5 0.279895434931264 7.45391771829487e-3 3.75525000711349e-2 0.174938238307339
1.7370607120965e-3 1.74776945726684e-2 2.0167295851498e-2 3.77007673025842e-2 0.123275878867685 0.299641302693468
3.28376975566546e-3 6.7442259601296e-3 3.82317992278151e-2 2.57650495565596e-2 0.222410883841374 0.203564271658456
4.17109538173419e-3 4.46238016593386e-3 2.02461527185541e-3 5.93548345281769e-2 0.297127112296554 0.132859962355746
4.46757131344464e-4 5.22201032586743e-4 4.04295880749501e-3 2.29128792892333e-3 1.62453852008731e-3 0.491072256579563
3.35520660067615e-3 1.22204908238334e-2 1.50680317331368e-2 2.95718750254446e-2 0.245407408088443 0.194376987728466
6.10277597686937e-3 1.13277346952663e-2 1.71070063436258e-2 2.07297842034632e-2 3.41990632997436e-3 0.441312792450801
1.37773573352103e-2 3.94097475902259e-3 0.110335009873043 0.154691643492996 7.32164122285455e-2 0.144038602311182
1.13960450077953e-2 5.10978931651988e-2 2.79394075109987e-2 3.05740992234818e-2 4.9673492296421e-2 0.329319062796104
2.61508390555051e-2 1.52204095428553e-2 4.64808016542394e-2 7.87008544187209e-2 0.193008190510327 0.140438904818352
1.92645074101555e-3 2.2684441420823e-3 1.66051910779721e-2 3.54718251746862e-3 0.185087174772428 0.290565556749034
1.82143561176353e-2 2.88191897479328e-3 7.38786198372428e-2 7.46182946803729e-2 5.96454170204258e-2 0.27076139336953
4.01676320679204e-2 1.06400142574695e-2 4.06481717506875e-2 6.55323280502353e-2 0.208901298991311 0.134110554882377
0.118964066151131 1.9720389041856e-3 0.107227761206777 4.8826503500791e-2 7.39744534397946e-2 0.149035176797321
3.37547909428381e-2 1.08351204587607e-2 2.44138349473691e-2 0.258045951854259 0.167189908222982 5.76039357379099e-3
6.70498994627533e-2 3.09328969744497e-2 1.49966147096262e-2 5.09295853405454e-2 0.302357413922222 3.37335895904031e-2
#
6.8725237473977e-3 6.3594019954013e-3 3.22780938922699e-3 3.21260147857409e-2 0.221393043778724 0.23002120630351
3.70108035776751e-3 6.24943000275595e-3 1.7541586219815e-3 2.77397021130189e-2 9.22713937230568e-2 0.368284235181419
7.61652864582375e-2 4.94353762182435e-2 0.234117509574023 5.00834056070811e-2 4.03807803878648e-2 4.98176417545498e-2
4.73578137157982e-4 3.16636647679578e-4 4.78305965691842e-4 9.77612671166899e-5 4.61831918247501e-2 0.452450526157604
2.55188409007237e-3 1.22773036043841e-2 2.55179810907097e-2 0.128204979239764 0.191060291901603 0.140387560073467
1.22696870188579e-2 4.26065574242361e-3 5.6315245540613e-3 0.386988866459844 2.65925368696119e-2 6.42567293552015e-2
8.96102937890474e-2 1.42498279250092e-3 1.47104406465001e-2 1.54043953571442e-2 0.31207643388918 6.67734535256277e-2
1.96255223200291e-3 6.35346453649763e-5 2.94483019456161e-4 1.07123008886339e-2 4.28562804681059e-4 0.486538566409861
5.79627200955113e-4 1.11837460424853e-3 3.62653317540293e-2 0.11182129941953 7.11503260197858e-2 0.279065041001451
2.16418034615449e-2 4.3467376412819e-3 1.55924245819942e-2 6.88037048879639e-2 0.120502127886733 0.269113201540482
6.50978127512455e-2 5.30418993446676e-2 1.8369861312869e-2 8.51785954632344e-3 7.26978897281083e-2 0.282274677316786
6.00828580033553e-2 8.11072763851491e-2 6.7949396484466e-2 1.46239404049981e-2 0.125898514529926 0.150338014192105
2.12833612483484e-2 2.28699375899464e-2 8.55672054710609e-2 0.194364479890933 5.77949042196483e-2 0.118120111580063
1.28619563886424e-2 6.4502841890642e-2 1.25802972659059e-2 2.43849364808826e-2 2.96877549927262e-2 0.355982212981201
5.88024665326618e-3 9.04781569742908e-2 9.37411761587554e-2 0.117645041512314 0.108805033572855 8.34503451285187e-2
3.17411143910847e-3 4.36427829678387e-3 8.63966250086092e-3 8.24601044775195e-2 9.50162443709058e-2 0.306345598914821
2.03682546968517e-3 4.09890163010017e-3 9.73830125943239e-4 3.83210258309742e-2 2.14115867081411e-2 0.433157830235156
1.37837624604183e-2 2.5148046627155e-2 1.07561999730641e-2 1.23114459880401e-3 1.01405669503891e-2 0.438940279390169
3.95188974404059e-2 1.2275081873156e-2 0.108715083542032 4.29821099605564e-2 0.167049002710504 0.129459824473346
2.89272027662323e-3 4.78594880838887e-3 1.68674515205221e-3 7.93222120279698e-2 1.01716476095669e-2 0.401140726125399
7.36008247544879e-3 1.34779771389617e-2 1.8326167420777e-2 1.74137572240043e-3 0.383657512902775 7.54368843396366e-2
2.83194805105707e-2 1.84245384388496e-2 5.79526476899183e-2 9.69190112666235e-2 5.21215741849732e-2 0.246262747909065
0.182187261771752 2.83468969398334e-2 7.72982729611336e-2 3.9856609832398e-2 9.22543151112793e-2 8.00566433836039e-2
2.23269601379266e-3 9.26580510700261e-4 1.33089857320638e-2 8.88474954595748e-3 5.89865810754194e-2 0.415660407122066
1.41433906164316e-2 3.72319286792144e-2 4.15901142047016e-2 8.04674992872065e-2 8.93004809398101e-2 0.237266586272636
8.49080608835111e-3 2.9466965781922e-2 7.63192486020215e-2 2.54102137410698e-2 0.168188757263278 0.192124008523358
2.00426803653941e-3 6.94577370808382e-4 0.271866517051459 2.17851125931357e-2 9.51380294935828e-2 0.108511495454475
5.26386438859423e-3 1.89344067071011e-3 3.66140981734756e-4 0.154118791190493 0.169468218018421 0.168889544750047
3.44265522570133e-3 6.89017677691839e-2 6.83900353920305e-3 2.12367247885646e-2 1.96596978814328e-2 0.379920150795914
3.97550497640038e-4 3.75571696801011e-4 2.53736158155268e-2 0.346554653709786 4.06375108791167e-2 8.66610974011296e-2
5.71894129769754e-3 1.06505191071492e-2 1.28189397745663e-2 0.12503859295134 0.201788633376134 0.143984373493113
4.13209414893243e-2 9.11615196191132e-3 7.13328892292102e-2 0.295912412346247 5.52731384968649e-2 2.70444664764425e-2
2.14289047949672e-4 1.06909667042009e-5 3.23095271336791e-4 3.81723117442657e-2 0.246396630906225 0.214882982063518
5.20444602917708e-4 2.44632167084871e-4 5.28909484136818e-3 9.74300686582069e-3 2.38219672233392e-2 0.460380854299469
6.53347382476814e-2 1.28859126369639e-2 5.56119941399113e-2 0.106066232027151 8.13640789963116e-2 0.178737043951981
0.190462445586687 3.36243961847323e-2 7.17829164329409e-2 5.6425679458283e-3 2.64410047093313e-2 0.17204666914048
4.42655122423276e-3 1.97484784710343e-3 2.74176909080226e-3 3.2843796882928e-3 0.126559409706596 0.361013042442972
3.20355628293466e-3 2.74758557338599e-2 0.119083158411575 0.123572969997629 5.74453006725316e-2 0.169219158901469
1.48146416673927e-3 0.115116455888474 5.72340686408613e-3 0.216491582825031 0.1062315646735 5.49555255821699e-2
2.34881587148044e-4 3.46064778623393e-3 7.666410762125e-4 2.88734709830854e-2 3.98559780795688e-2 0.426808380487751
7.03409179495114e-4 5.54264085183495e-4 2.550685344317e-4 3.73876007501992e-3 3.13725434869938e-2 0.463375954638876
5.55463128146074e-4 6.27237272005619e-2 9.6236064476001e-2 0.18030738398853 8.15555118922427e-3 0.152021810017536
7.85959605875092e-4 5.88639437861157e-4 6.30529463154369e-2 4.67049364720729e-3 3.52622321693046e-3 0.427375737776689
1.82203356733795e-3 3.56923578259258e-4 2.53793540070014e-3 0.164182405251812 4.82197850644535e-3 0.326278723695445
2.37318649284498e-2 1.30675717945735e-2 2.89550967588017e-2 9.83684949744215e-2 0.157284101215833 0.17859287032792
9.69476068157259e-3 1.14787137494625e-2 5.41707231137928e-3 1.57243684522143e-2 0.389633019214951 6.80520655904208e-2
3.57672671299975e-5 2.4333240665916e-4 8.64835468359257e-4 5.83690077986613e-3 1.54782456953832e-2 0.477540918382602
5.98251777821847e-3 4.49724977948948e-3 3.07877783984167e-2 6.77038314169079e-2 0.110463709901464 0.280564912725503
7.46980432058753e-3 2.24476531375029e-3 7.78318728170562e-4 8.57879185274705e-3 0.26953751518692 0.211390804597824
5.74420113570723e-3 7.34710992947622e-4 5.36735356840102e-4 1.90542769483616e-2 0.179098699371734 0.29483137619441
#
7.43660213454813e-3 6.78449252529374e-3 1.6717530940817e-2 9.8217914804318e-3 1.04261789214845e-3 0.458196965026761
1.05088360939979e-2 2.73391152209247e-3 8.89417255054319e-3 1.36667608713543e-2 0.364966507225057 9.92298117369552e-2
4.67042121581956e-3 7.81703224043815e-4 2.9468299374393e-2 5.24300964030966e-2 0.239225253237186 0.173424226545461
2.07877069132079e-2 3.25906384811519e-2 2.01677161392582e-2 9.05260479422791e-3 2.92073128866723e-2 0.388194020785482
7.14881331160088e-4 3.43203400137514e-4 3.11913945110468e-3 8.61225682404076e-2 0.398828509190748 1.08716983864418e-2
0.10092716385283 0.101927462605111 7.39670076682577e-2 1.03221024939671e-2 2.9540740558533e-2 0.183315522821301
1.7249392144462e-3 5.93691220810144e-3 1.14008177137571e-2 0.195270632324011 0.157154943451101 0.128511755088583
3.50817875594518e-3 2.14564177551858e-3 1.78541491974016e-2 8.12842948344197e-2 0.367946041229271 2.72616942074437e-2
3.95646631667974e-2 2.41343942223076e-2 4.43756160443768e-2 2.3873986769345e-2 6.07865292260685e-2 0.307264810571105
1.42702127755488e-3 8.82138164864511e-3 2.79711893858517e-3 2.18847371129303e-3 2.18139547592568e-2 0.462952049664665
9.99913418664238e-5 2.72600419315214e-4 6.92719252951106e-3 1.13600530171936e-3 0.261170260404205 0.230393950003383
6.51195160147689e-4 1.00726756426061e-3 1.03651917432972e-2 5.96234678720457e-2 0.228762839990453 0.199590037669796
4.0858336205304e-5 2.2579487211124e-4 2.91166224881069e-4 3.78905462694804e-3 6.76927997127082e-3 0.488883845968584
4.0316254429156e-3 2.15197070451084e-3 1.93021317333573e-2 6.87271805268862e-2 0.11054327942839 0.29524381216394
2.26772370992621e-3 1.34452632343861e-2 5.05889690875266e-3 0.139375845948201 0.153131295368419 0.186720974830315
9.89159905289237e-3 6.82103303955301e-3 5.02090219007167e-2 3.96197499431657e-2 8.04370031220614e-2 0.313021592941611
4.74132190655511e-2 3.77592421903993e-3 1.78952785218963e-2 0.110491642271881 3.10398822324905e-2 0.289384053689141
7.93779371171686e-4 2.00213055114898e-3 1.15905362570872e-4 7.08644559247389e-2 0.394546547175957 3.16771816144125e-2
5.77447074903422e-5 1.657967228746e-3 1.60505144820577e-3 1.39492532374741e-2 8.27845317794948e-2 0.399945451598589
1.3770604743409e-4 5.89340664359058e-4 3.7099452691125e-3 6.11454935459748e-3 7.05479390928105e-2 0.418900519571686
7.3718657535004e-3 1.66322358109417e-2 6.50552484707952e-3 1.74872602468469e-2 0.305883705429791 0.146119407911841
2.0210836039109e-2 7.8969961864583e-3 3.6823906346855e-2 4.40019776176865e-2 7.82464307048584e-2 0.312819853105033
4.26221070656091e-3 7.83333447051053e-3 3.25329098398985e-2 5.03201444705896e-2 0.164137246533786 0.240914153978654
4.78873508521257e-3 2.84579590590545e-3 6.56250441945129e-3 6.72243375117188e-2 1.57280951500059e-2 0.402850531927706
9.60265247112096e-5 6.84439956835071e-4 2.03126384704421e-3 6.15809884700198e-3 5.58750371378412e-2 0.435155133686566
3.1072306156501e-2 1.64364671611037e-2 1.36069821494121e-2 9.26771053851091e-2 9.56101479895056e-2 0.250596991158369
1.03367661520452e-4 2.14866801257518e-4 2.91091054936469e-3 1.79228379028251e-4 5.24013107325844e-2 0.444190315876245
4.39496717768108e-4 2.26140909555112e-3 5.74413961404005e-3 1.01767159562579e-3 0.434014658616374 5.65226243606408e-2
2.00256811746864e-2 7.00591985042552e-3 1.07096493825299e-2 3.82568882393318e-2 0.238834798472012 0.185167062881015
2.10011080103598e-3 2.70888296597677e-3 1.62903239696803e-2 1.95131850340955e-2 9.76263594504519e-2 0.36176113777876
3.25970456924201e-3 6.85534884706402e-3 2.3020190227888e-3 0.139205185270744 0.158589128500544 0.189788613789616
1.51735791663213e-4 1.73707496759856e-4 3.62190221092001e-4 4.74424973835093e-4 8.28995786109229e-2 0.415938362905727
9.62018119748811e-3 3.83867605959731e-5 4.60535871971939e-4 2.92181404581344e-2 4.49291377877799e-2 0.41573361792403
6.82411134550804e-3 7.94797770796887e-3 1.79673090963238e-3 7.89081619105493e-2 0.237320031038822 0.167202987087519
2.8153944483285e-2 2.37591828280867e-2 4.95853717446385e-2 7.37707554117869e-3 5.49001146805045e-2 0.336224310722307
1.7883521084955e-2 2.16023102725204e-2 3.65426469263079e-2 8.38204834499807e-2 0.339496138285058 6.54899981177848e-4
1.60798881527439e-2 9.97675049233681e-3 4.81114127918039e-4 3.0589168913806e-2 0.333361880484735 0.10951119782846
9.01731408170167e-3 1.38303321165202e-2 1.67263152111053e-2 1.11709282613622e-2 4.81660435029964e-2 0.401089066826314
1.00478572486644e-2 2.13761821924155e-3 1.59124679362973e-3 1.67549444296972e-3 4.40638181107297e-2 0.440483965184765
3.6487935760793e-2 0.17846555684036 4.77260756076336e-2 2.23960124148256e-2 0.109751625480835 0.105172793895552
9.08758594157979e-3 1.45726825037311e-2 4.17645916962642e-2 9.90355057430303e-3 3.7754888586191e-2 0.386916700697931
6.08999737276632e-4 8.49290877935167e-4 2.91891409752953e-3 1.65502162648517e-2 0.101179996169132 0.377892582853275
3.67905950023003e-3 1.38865702839922e-3 4.3546221496996e-3 9.91661664787473e-3 8.47514175212317e-2 0.395909627152565
5.27525486881469e-3 3.6236253305402e-3 9.54691137123244e-3 7.51814358970286e-2 5.05645783384844e-2 0.3558081941939
3.37573444461964e-2 5.38742070925775e-2 2.36466910021479e-2 8.94450099359892e-2 7.48448699284467e-2 0.224431877594642
1.90061712331302e-2 1.29166458693826e-2 0.147990793509407 5.50343212220287e-2 0.257726211681893 7.32585648415884e-3
8.46275369990961e-4 2.84960714124918e-3 6.23206386387442e-4 9.38150277595148e-3 3.01494325776184e-2 0.456149975748803
1.50141560733813e-4 2.94839863754139e-4 7.32360576329155e-3 6.87649700623475e-4 0.279480404614693 0.212063358496904
4.44716620535384e-2 5.53504301814998e-2 2.39244662185055e-3 0.120051010579632 0.107362994412409 0.17037145615107
1.720092220627e-4 5.88977797023078e-4 9.01047413004773e-4 6.14184131551953e-3 5.61685881134849e-2 0.436027536138905
#
9.91418650919926e-5 2.99144109316085e-4 1.00357091273299e-3 1.45151449068892e-3 0.260246511030727 0.236900117591443
9.56060758106503e-3 3.68194561799767e-5 9.25008279539261e-3 0.297688556566438 3.13811654940527e-2 0.152082768106872
6.14595096740958e-3 8.15430490466484e-2 1.44230700834538e-2 0.11464392000826 7.18407677162445e-2 0.211403242177983
1.60751094622577e-4 2.18158061893469e-5 4.46186779356673e-4 9.07504356768732e-4 8.35313228725358e-3 0.490110609675809
1.17926828289113e-3 1.84385159102703e-3 5.54824937655616e-3 2.17321583310472e-2 3.23997289429739e-2 0.437296743475505
1.29384844504514e-3 6.21698897943991e-4 4.13076759874045e-2 4.1598937907477e-2 9.4711292736785e-2 0.320466546025344
6.34979927669311e-5 5.30680727229962e-2 0.13265369335628 1.79961875846484e-2 4.49809993385871e-2 0.251237549004721
1.43044163059947e-4 2.72084920164909e-4 1.44999948914037e-3 2.84251781841219e-3 5.01929965848755e-2 0.445099357024347
5.02365610128786e-3 4.55708113364524e-3 6.38476978284222e-3 7.69476764686473e-3 0.155694257342187 0.320645467993173
1.12620731976804e-3 3.39758599485256e-3 9.07437494836395e-4 6.89175832239285e-2 6.91008794859803e-2 0.356550306480634
9.18114290757964e-5 5.10760328462301e-3 1.5724848206113e-3 2.84432366993125e-3 1.64744021586943e-3 0.488736336579889
2.85146167313405e-4 1.82902149602373e-3 8.69700305259e-4 6.74948865344477e-3 6.71262097968134e-2 0.423140433581146
1.9843699980015e-3 1.05790105672891e-3 1.36495554252107e-3 4.75226354627821e-2 6.48929181043083e-2 0.383177219835658
6.41640603146632e-2 3.09121312245791e-2 4.90619555642806e-2 2.50812970305555e-2 7.23423015046766e-2 0.258438254361245
1.94154985267936e-4 1.36509732007629e-3 8.29205675980528e-3 0.244791735132846 2.20949681404057e-2 0.223261987661599
2.04787857193112e-2 1.27853869426376e-2 7.10571117276233e-3 0.243953958836145 3.62240990849025e-2 0.179452058244241
1.95418875866501e-2 1.81989797793028e-2 2.03554974239344e-2 0.125437158518004 0.194604551752385 0.121861924939725
1.0776897820472e-3 1.1620718889131e-2 5.41229254906519e-2 0.132702404130067 0.190649574166393 0.10982668754171
1.43851976386862e-3 3.46605442531198e-3 1.02942826464287e-2 8.92150150150091e-3 3.89650841011855e-2 0.436914557561704
1.83197762480629e-3 5.02128058178405e-4 1.93083115488331e-3 3.76438389664709e-3 4.94454731585254e-2 0.442525206106959
1.95751120938655e-5 2.52873095423714e-5 1.42269834127879e-5 6.3021396712512e-4 4.60034396156843e-2 0.453307257012142
1.28381806209055e-3 7.42184777280125e-4 5.75166927842408e-3 1.35293668881176e-2 1.62303017848369e-2 0.462462659209251
5.21767097531002e-4 7.71652208327938e-4 2.64287805936637e-3 1.74156008171799e-2 1.38375899859678e-3 0.477264342818998
1.86417432242277e-3 1.00142245193395e-2 9.8783577009658e-2 5.15285586421013e-2 0.126159174648641 0.211650290857838
1.0046989924996e-3 3.42425427674094e-3 1.56762085211931e-3 4.59463450458755e-3 4.072488601266e-3 0.485336302772787
8.01324904697593e-2 3.32005340073377e-2 1.7757620166766e-2 7.97986770397619e-3 2.83884673758839e-2 0.332541020276277
1.90802615322006e-3 1.10517214375527e-2 1.90975722628484e-3 0.131039374389363 4.6839799265821e-2 0.307251321527758
2.04940137639172e-4 5.29740157464244e-3 4.37258480151091e-4 2.7760728461783e-3 0.141409872480852 0.349874454480537
1.54572908117533e-2 3.17468061909048e-3 1.4178518699518e-3 5.20768580266303e-2 0.123351514320972 0.304521804351603
5.80125142375881e-5 4.88820826501695e-4 6.77728573501342e-3 2.41049416627293e-3 8.80125060755831e-3 0.481464136150416
2.57147356590303e-2 6.49760870258607e-2 5.74280265144921e-2 0.156673591694476 8.35659057063936e-2 0.111641653399748
0.117457675748968 2.13315550291622e-2 0.153726040728105 1.79951696668145e-2 1.63608702712146e-2 0.173128688555736
7.5476357064325e-3 7.52656383660343e-3 0.175198447063311 4.899882999051e-2 0.181390317853585 7.93382055495578e-2
3.90644194048142e-2 4.79456729620503e-2 0.188670014175962 7.75337262713577e-2 7.66007612524314e-2 7.01854059333845e-2
6.52410348300779e-3 7.39653697968342e-3 1.1077649213424e-2 7.74220488914221e-2 0.118107357027064 0.279472304405399
4.63663786254561e-3 1.09706571837437e-3 4.71006646800905e-2 1.16519705147885e-2 0.373708385693737 6.18052755304637e-2
7.09244267680199e-2 1.82147288761095e-2 5.27848785873367e-3 1.83847836916207e-2 0.299127620904271 8.80699519012449e-2
6.40345978056259e-4 3.48979895174757e-4 5.23029114164207e-3 5.82269729193479e-4 0.329558360752617 0.163639752503317
2.90961391578146e-4 1.05796952599754e-3 2.03124848587834e-3 1.29502589816983e-2 0.41823791039073 6.54316512241175e-2
1.51242486815972e-4 1.94593301051134e-4 3.00155938549091e-3 5.96740420383104e-2 0.24654795807975 0.190430604708582
3.4356693125349e-2 2.49947906061724e-2 1.94530003644864e-4 3.22444862899775e-2 0.181218672277066 0.226990827697791
8.38103743021606e-2 9.30876480324356e-3 1.6034838042953e-2 0.126293292854153 9.41870366376839e-2 0.170365693359806
5.87756284016963e-2 4.46862937835268e-2 1.95621692422365e-6 1.74439545640114e-2 0.143847972878634 0.235244194155207
2.01496048798999e-3 2.24626554934925e-3 3.87246531290181e-3 5.57804478862485e-3 2.26293543318454e-2 0.463658909529289
9.69654002807827e-2 6.57718946983959e-2 1.88630435253771e-2 7.50473635670875e-2 0.120244635679416 0.123107662248941
3.41490257589081e-3 7.48891176532218e-2 3.96092730569388e-2 0.227791099175488 2.68945070075193e-2 0.127401100530942
1.04144000548141e-3 7.96435717988516e-4 1.588005855928e-2 8.79045842216009e-3 1.25437705640194e-2 0.460947836731071
2.79366166620083e-4 3.92957620694584e-3 1.84279203080393e-3 1.85078771387481e-3 3.43182821965106e-3 0.488665649662104
5.34401642586076e-2 3.26240078363742e-3 7.88560401344351e-3 2.14608703936182e-2 0.208554955269727 0.205396005280966
9.77544899117047e-5 2.46204090643317e-3 0.129394292325915 9.59987946122235e-3 0.281403122277418 7.70429105390995e-2
#
1.61377134251265e-3 1.40461389525384e-3 3.43658958258285e-2 0.103505124018863 9.74372460727116e-2 0.261673348844831
7.83388529039228e-3 4.36474915867964e-2 5.62679906860587e-3 3.9499198214767e-2 4.57557623071314e-2 0.357636863532307
3.22824480716302e-3 6.94857068410131e-4 1.08551997267781e-2 6.67997594289035e-2 0.256590305938387 0.161831633030359
2.63097834446423e-4 5.64675909747325e-3 4.08356211215445e-3 0.217014514768587 0.142049255799549 0.13094281038779
1.58866826488667e-2 1.11367810312309e-3 2.31060324907084e-3 4.45450302790214e-2 0.121787285265692 0.314356720454226
5.59192871980034e-2 1.99002241401562e-2 0.116742898803078 3.02663091622227e-2 1.35684726887546e-2 0.263602808007785
9.740613376106e-3 1.98917870976194e-2 4.96834011253186e-3 6.80161536001033e-2 0.103925160566711 0.293457945246928
2.06473012491241e-2 1.54819303157603e-2 0.265877860865851 6.13688213833338e-3 6.73650327411974e-2 0.124490992689734
4.30602025938381e-2 8.86308958730228e-3 3.79822622447917e-2 5.2811877030211e-2 8.28334416211223e-2 0.274449126922735
1.5422750988243e-2 1.60430267789293e-2 1.50516051705229e-2 4.90067879882428e-2 1.04043358255735e-2 0.394071493248489
5.88848626939692e-3 2.6467760798653e-2 1.65797279142423e-2 9.78968737227942e-2 8.86533605642874e-2 0.264513790730626
2.42259004744474e-3 1.45598389525122e-3 7.00101003773678e-3 3.08835248112712e-3 0.215974090659264 0.270057972879176
1.99259136961976e-2 3.22809211364755e-2 2.31770351426573e-2 2.37873734715004e-2 0.381775397261162 1.90533592920067e-2
2.73700311487394e-3 1.68333621512101e-4 1.84524637044932e-2 4.78181035728248e-2 2.7820033669448e-2 0.403004062316848
1.38680446482552e-2 0.165853848233042 1.63515314691075e-2 8.58213467465874e-2 0.214717326503768 3.38790239924003e-3
1.2544381608585e-2 3.74753621132977e-2 3.5746193368557e-2 0.1564116250534 9.23944086386698e-2 0.165428029217491
8.32528990771495e-3 6.54497287313261e-6 1.72208524393183e-2 1.94262222782044e-2 5.74876872057344e-2 0.397533403196155
5.56228704102559e-4 7.3924660060323e-4 4.03153309826135e-3 8.03436956903236e-2 0.134921627150664 0.279407668756045
8.77721731676383e-3 1.19250762565617e-3 2.82384580003528e-3 2.41610177773504e-2 9.55564724596497e-2 0.367488939020545
2.43110722436603e-2 2.4328621012383e-2 7.44158886881448e-2 1.00008629304e-2 0.184712353483111 0.182231201642301
4.16596308829944e-3 1.20670243764707e-2 0.170300475560677 4.65432516971385e-2 3.17545008842818e-3 0.263747835188987
3.82193744606911e-4 7.67570337766318e-4 1.0346346379258e-2 8.06798543047318e-2 0.174132684567906 0.233691350665731
1.03367661520452e-4 2.14866801257518e-4 2.91091054936469e-3 1.79228379028251e-4 5.24013107325844e-2 0.444190315876245
1.25443098202889e-3 7.01159099199158e-2 0.134601296233905 0.107621546455727 1.22993900155275e-2 0.174107426392896
1.10239741248522e-4 3.51544162384114e-5 1.94541682173595e-4 5.47069260842518e-2 0.100977617921638 0.34397552015445
7.24024861091157e-2 8.85191693562219e-2 0.141171199612069 2.25380071697505e-2 0.172121951675435 3.24718607740809e-3
1.26751242320069e-4 7.26976355058339e-2 2.31478785966061e-3 6.71521679467924e-2 0.333507005399006 2.42016520463869e-2
4.56872585292081e-3 2.1927957188958e-3 2.99638205070905e-2 0.271228072710214 0.118450153302869 7.35964319080098e-2
1.10011771361449e-2 2.06322239054943e-2 5.07454176726181e-3 3.18536739387982e-2 0.226249810284322 0.205188572967978
7.52540776260644e-4 2.50732906722008e-4 9.38520495043302e-5 4.87614878702509e-3 0.294806528345268 0.199220197135219
1.25091574228993e-2 3.5884392249338e-3 1.3825852807978e-2 4.79450204655101e-3 6.30947220960998e-3 0.458972576288028
2.1701855368821e-2 3.48920461969854e-2 0.100710134292581 6.50301332261739e-3 0.294012474554814 4.21804762641808e-2
2.14531390850752e-6 2.28921580431179e-5 7.41380456728545e-4 3.01568968260568e-4 4.6584557780381e-3 0.494273557325021
4.17621323170023e-3 8.94768822110439e-4 3.79579471603877e-2 1.7047060680913e-2 6.714168875015e-2 0.372782321354739
1.42826965800392e-4 3.4310986687517e-4 2.63530995240634e-2 9.73363431852095e-3 0.30447997739643 0.15894735192831
3.38693825724958e-2 3.34991073180464e-3 6.94520529768354e-2 2.88802178424243e-2 2.34256895458366e-2 0.341022746330603
1.18494644513759e-3 1.34092603607722e-3 3.23703293269474e-3 4.94937782672331e-3 3.40198774136271e-2 0.45526783934574
8.78030780495472e-2 3.77376364698688e-3 7.36819482996982e-3 7.51513684921097e-2 0.109092965875813 0.216810629105573
5.44668424275803e-4 1.69712725838604e-4 1.25911024469572e-3 1.68849239520072e-2 2.73311950131741e-3 0.478408465151865
1.90679362775315e-2 0.100647943718632 0.147562182902761 0.117376145813945 8.34278548708255e-2 3.19179364163046e-2
7.45294074462753e-3 4.63059377830739e-2 1.69617962954614e-2 3.82966093470923e-2 4.22072601719911e-2 0.348775455657754
4.43397221644329e-4 6.18321396793643e-4 8.80964816179187e-4 2.77628230436422e-3 0.225393443587319 0.2698875906737
1.38294118858553e-2 6.07123158783414e-2 1.45249626963466e-4 2.72871144013466e-2 0.266360987547913 0.13166492065958
5.3831582723e-6 3.94637583222832e-5 8.06528947970455e-5 3.45979113806803e-4 9.74043357785024e-5 0.499431116739023
4.47926864845429e-2 4.14563442625453e-2 4.71562408846548e-3 6.61869380104902e-3 5.5983381177941e-2 0.346433270185456
7.61162576153754e-3 3.77155498118353e-3 4.12056612911025e-2 6.126830733544e-2 0.119866710973595 0.266276139657142
0.181401658717636 1.63668705068962e-2 2.41108691391093e-2 3.66964656509872e-2 1.01155331497098e-2 0.231308602835661
7.5155193980072e-2 9.67806857175649e-2 1.43936563872285e-2 1.07618666111633e-2 0.254640521481925 4.82680758220461e-2
1.94209155243409e-2 3.48826840542759e-2 0.138134983732668 1.31769053053126e-2 0.1001118094316 0.194272701951802
4.08016833719267e-3 3.81892860198838e-3 1.78970300440456e-2 8.6427220723506e-2 0.338874701795667 4.89019504976002e-2
#
