#
2.27667217763155e-4 4.87674946980543e-3 1.71936522191451e-3 7.31226107392592e-3 8.74452633469149e-3 9.25677278622356e-3 7.70870796171979e-2 0.390775578278478
2.28730848393656e-8 9.20330030773781e-8 4.5531484522389e-8 1.25809975742923e-6 1.07045380883594e-4 4.86629238039032e-2 0.2515375314638 0.199691080814084
1.42411538279308e-3 3.8907464775613e-4 2.13477778350454e-3 6.44677560491926e-5 6.62348722854902e-3 8.95627338340099e-3 6.65246210846952e-3 0.473755341709478
2.20378148130209e-3 1.75796298818617e-4 1.54831143268454e-2 2.02199514429297e-2 2.66813168283857e-2 0.221928595995641 0.120960763232473 9.23466803936039e-2
2.40247100387613e-3 1.73402380446303e-2 1.04855918357891e-2 1.70458433021615e-2 6.84086415433685e-3 0.108570364345509 4.3651494474018e-2 0.293663132839679
3.96236929295785e-5 1.58478152438206e-4 1.42838535455424e-2 4.03120429081744e-2 2.69388281533088e-2 0.101592997655041 0.22363768558955 9.30364903030156e-2
2.11505866559671e-3 2.84122300414584e-3 2.0185571033255e-3 4.09881628613174e-3 2.13742467323864e-3 2.1389764807615e-2 0.119608139059252 0.345791016400694
9.04024663201662e-5 2.65586161776449e-4 2.09942817762789e-4 2.94961592179877e-3 1.88604013100108e-3 6.99675923048369e-4 2.0879126431757e-2 0.473019610146535
1.02836054474131e-3 2.0923729708702e-3 9.31025917265408e-4 1.02300737432749e-2 1.51779253986142e-2 3.74733122992483e-2 0.263070807148532 0.169996121977454
6.18019486779217e-6 5.26149186116628e-5 3.68792938968704e-4 2.3570613023006e-3 5.80178095065565e-4 1.03134992247144e-2 4.70169364452095e-2 0.439304736880262
#
7.7611902521563e-6 4.74351584882747e-4 1.40786807553981e-3 2.07833156961313e-3 9.84788482356725e-3 0.141655095982951 8.70816392379694e-2 0.257447067535225
1.82543671060892e-3 4.07496350988315e-4 3.94961417458535e-3 1.33341488441639e-2 5.42811877029304e-3 2.76154081750419e-2 1.15548493718873e-2 0.435884927602431
1.89587279649669e-4 8.25679145909958e-5 1.12362868238e-3 5.49251559542529e-5 1.87228445804813e-3 6.73226079759107e-3 0.17056457792418 0.319380167787606
8.27978971046841e-2 1.4464245644771e-2 3.57629056787122e-2 1.31111660866884e-2 1.19155166133801e-2 2.69645663343568e-2 8.2571270108766e-2 0.232412432428641
3.3663864664245e-4 7.10090848157674e-4 2.23720667930399e-3 3.79569191555057e-3 1.26754350143134e-3 4.79121405317129e-2 5.85998533216399e-2 0.385140834555561
9.23801934828661e-6 2.26073849873861e-6 3.21012361078864e-6 1.51425941952994e-4 1.09396636483377e-5 2.98647869244623e-4 4.0617795689005e-2 0.458906481954691
5.20394277293865e-3 1.19263721263318e-2 3.94908352096164e-3 7.86502952766626e-4 1.08743097699428e-2 8.00631854155038e-3 0.102831261667137 0.356422208648372
2.58031153811217e-3 1.97710532902915e-2 1.7898490981219e-3 1.96398627736349e-2 9.33983648280394e-3 9.00573842820805e-3 0.225374838499127 0.212498509889701
1.00008052565868e-4 4.74269423521513e-3 1.77290341077606e-4 2.142404577287e-3 3.50963427989703e-3 2.78579255317716e-2 0.237852738761568 0.223617304220617
1.82804494865848e-3 5.32446255151465e-4 4.26383052046462e-3 4.59276583141238e-3 8.85090959490875e-3 6.28327733619654e-2 5.11040329242494e-2 0.365995196563189
#
1.8038387949013e-5 1.30857188140369e-4 1.46471654477593e-4 4.64188168575978e-3 5.29610376802176e-2 3.4175589754751e-2 9.75564004933692e-2 0.310369723155335
4.08871370177804e-5 7.29719349154263e-4 4.70857222778089e-4 1.29675651156408e-2 3.82823076775558e-2 0.101611254987277 0.317714353852838 2.81830546577382e-2
1.48864320446877e-3 8.51592100541861e-3 3.18409930368511e-3 9.51698045612921e-4 0.104834647357489 0.132695406895464 0.188290475307979 6.00391088798825e-2
1.27734063079449e-3 1.77676439129222e-3 2.52583609774114e-2 7.31352362286481e-2 3.45077599554777e-3 2.66447850006254e-2 1.07872445897873e-2 0.357669492185893
2.74530475216471e-4 3.75477468137602e-4 2.23185711100014e-3 3.48970725797614e-4 4.24374640693876e-2 0.128997324927575 0.151020598946665 0.17431377627622
1.27868856236345e-3 9.12378875340339e-4 2.04216286455705e-3 0.101194539581701 2.287669802402e-2 0.218651187674528 0.135788077971984 1.72562664455065e-2
1.44223308131679e-2 9.96523896254973e-4 5.7072746843931e-3 3.80691521595457e-2 5.53563787408454e-4 4.06463225922021e-2 9.89240851369907e-2 0.300680746930037
5.13627834234903e-5 7.87359709866296e-5 1.65189823873833e-4 4.4894306001512e-4 1.03619219267144e-4 8.86279500739387e-4 1.83506561127133e-2 0.479915213528981
5.51158285097343e-5 3.86673763469938e-4 2.61517333375875e-2 5.66716714361186e-3 4.3361032879671e-3 0.123592226334606 0.111900215682719 0.227910764621529
1.7547831766339e-3 1.84809986838918e-3 8.22377094243809e-4 1.62432944618388e-2 5.88117766532479e-3 0.137962163918755 0.29170995927279 4.37781445420246e-2
#
1.8081055254531e-4 1.34228405380659e-3 4.81904685542731e-4 4.58748919029885e-3 3.83670503813233e-3 2.21911677851766e-2 0.12855248812854 0.338827150565957
4.59415998812369e-3 1.82420149205597e-3 1.68758296701966e-2 1.18882702520688e-2 0.117288869653426 0.191523930366105 7.96193631973275e-2 7.63853753806955e-2
9.34790077075671e-4 6.09030417657628e-4 7.87181495801089e-4 1.42614908119179e-2 1.92483954638118e-2 7.34515953531033e-3 0.13460958735187 0.322204364846556
2.18052599091998e-3 9.94371798639098e-4 5.35560470816659e-3 3.85619621259739e-3 7.47640926424497e-3 4.27764672697011e-2 8.96884524717901e-2 0.347671972283941
6.98651674240863e-6 1.79723767994982e-3 3.67261649630129e-3 1.26243924254921e-2 4.28862194576743e-3 0.187200332221722 0.257822290523687 3.25875221903378e-2
1.55928320522918e-2 1.70877537674645e-3 1.82952612471161e-2 1.36798501573099e-2 8.92180836447116e-4 9.20008960547256e-2 0.291699369845777 6.61308344295858e-2
3.50829956452792e-3 1.86103433063933e-3 9.92472462419339e-3 1.70134614415803e-2 6.63580898742638e-2 1.80082432387927e-3 0.173553763304147 0.225979802536769
1.28694690753865e-3 3.89772333478828e-4 2.51711032018924e-3 6.93557466907086e-2 1.44879812783694e-2 2.05049809712892e-2 0.307087522172876 8.43699393255496e-2
2.60579830608605e-3 1.41755363228638e-4 5.13095947092657e-4 7.22268588454791e-3 3.81206485697613e-2 1.15605711277781e-2 8.73121247484889e-2 0.352523320053016
1.77538921341297e-2 5.8669766079461e-3 4.91981410885395e-3 6.91755669211741e-3 9.04935567840208e-6 0.27787506897944 0.178023445756287 8.63419636554746e-3
#
3.10826304260278e-4 1.4270153708067e-4 3.05955278690457e-4 3.92659238250899e-3 0.105432793108563 1.2342338758411e-2 0.281019751244743 9.65190413857433e-2
1.50975565460834e-3 1.13224829223336e-3 3.82855791101096e-3 2.13115471102499e-2 9.19324722903386e-2 1.89037267854562e-2 5.12000284400405e-2 0.310181663516062
2.60472249573641e-4 8.01494318914254e-4 4.21842196886754e-3 9.60029954896333e-3 4.50258250124472e-2 7.86254348459422e-3 9.31531765068739e-2 0.339077766909766
2.52423812425018e-4 1.35166629145464e-3 3.27215927467923e-2 2.38219442494778e-3 3.88704726585976e-2 0.117425360583045 8.63475959935248e-2 0.220648693489213
9.33230611819883e-3 6.47126479066634e-5 3.94513205465232e-2 8.10190109921876e-2 0.156878904002792 7.88484497415747e-2 4.281772354962e-2 9.15875724011974e-2
1.15890894306418e-3 4.32743937831837e-3 1.26436465662088e-3 1.55783512336311e-3 1.04499467512853e-2 0.1041401007215 7.29245482190363e-2 0.304176856206812
4.82800415864123e-4 0.188348978694669 5.37963327636027e-2 7.56090372114527e-3 0.163494086147812 1.73017663075718e-2 2.09577005718377e-2 4.80574313774972e-2
4.7154944122292e-3 1.55010523660049e-4 2.27758531312501e-3 9.7579508958491e-3 3.58858659661606e-2 0.125953259831489 0.248941305912849 7.23135271446377e-2
5.59319684120746e-7 4.55114410909708e-6 5.16694974847297e-5 7.41856170110876e-6 7.00777207419772e-5 2.45143186194052e-4 4.23966180632356e-2 0.457223962506849
4.74252878283929e-3 5.18161691119872e-3 9.33096960160062e-3 7.27403366375217e-3 5.32271901887633e-2 6.18995505660897e-2 0.170838410737116 0.18750569954864
#
4.56407207421519e-4 1.46975420023575e-4 2.15185440217871e-3 1.16747284134023e-2 1.67296774110102e-3 3.78291574699665e-3 0.281131760866768 0.198982390202108
1.74285623630174e-2 2.27915020751354e-2 1.56428027058712e-2 0.136865155284246 4.38016774451784e-2 4.24085885170191e-2 0.216238113527903 4.82359808162952e-3
4.22724155790789e-2 1.04431312762713e-2 8.92417950739239e-3 2.47107866481447e-2 2.84893487172274e-2 9.72658450313816e-2 9.2915058783963e-2 0.194979234456541
1.67839429553418e-4 7.35531463278194e-4 2.66654454247812e-4 5.98408372224639e-3 4.24674244850978e-3 1.75656299257572e-2 7.43219754021044e-2 0.396711543154303
3.29463097260406e-5 1.50341817853211e-5 1.08890515362841e-5 5.82490119923624e-4 1.7550510537417e-3 6.84018635138417e-3 0.111159135100195 0.379604267831708
1.36880865546551e-4 6.48153366087273e-5 1.42528642737013e-4 1.02849605103566e-3 2.23983480923301e-6 7.02861006113126e-3 2.87630356274632e-2 0.462833393580668
1.09993468513595e-3 9.3813366565518e-3 5.4106807906347e-3 2.62195713287982e-2 4.73559009246314e-3 8.60547909609654e-2 0.330539521402861 3.655857408259e-2
2.27263195893875e-5 2.70473441413697e-5 7.35636229925704e-4 1.27847977917924e-3 3.14922538752258e-3 1.30915394162364e-2 1.38662147155934e-2 0.467829130807812
4.00162298258843e-7 2.32952595951679e-3 1.13510001600907e-3 1.30889909343299e-3 4.27227577397698e-4 0.119441097465083 8.34854221415485e-2 0.291872327584714
6.40757360843e-3 2.00576954245101e-3 1.96358559463255e-2 2.64416260172048e-3 2.11865376018976e-2 3.20864699708218e-2 1.46485670031164e-2 0.401385063725237
#
1.54285713790336e-4 2.22193673845185e-5 2.85680370243706e-4 8.58412926711679e-4 8.99467316237514e-4 6.3216191674167e-2 0.203935056963993 0.230628685667472
7.10423260770632e-4 3.82756392092506e-4 2.0739891437623e-4 2.92415306338629e-3 6.37949939203159e-4 3.19134341232847e-3 0.243995849183893 0.24795012583395
1.23258833561145e-5 1.42185069807478e-4 4.80513429910536e-4 6.4625664587096e-4 2.16081795063534e-2 9.90960189743701e-3 2.88337724365305e-2 0.438367165130734
3.6524095448356e-5 6.46164878709308e-5 3.13479203674685e-3 1.33214173573495e-2 4.07803429497191e-2 9.70025383084859e-3 0.156981162850631 0.275980890391386
8.05479619350469e-4 3.92629343396935e-3 1.57829180469696e-2 1.25274639737148e-3 4.42228523715626e-4 8.70019873524795e-2 1.85205996205716e-2 0.372267747005572
7.45120565467054e-4 7.66411223189671e-3 5.17204744216076e-3 2.44982603675746e-2 2.67030624173848e-3 5.26946837669821e-2 0.249344063853044 0.157211405531136
3.53033603653709e-4 6.85379178162865e-4 1.4394849648075e-3 2.11483042688231e-3 0.115445595352119 0.167929397947407 0.15344136297994 5.85909155470277e-2
2.76396780856123e-4 5.9788885984138e-4 1.42683618140568e-3 5.50422169656962e-3 6.70092459238181e-3 7.06347784530481e-3 4.15850376386004e-2 0.43684521640504
2.02431759404025e-4 6.23205882359853e-5 6.07292359490167e-3 2.93983502417706e-3 1.34133926473876e-2 2.31493383630751e-2 5.82530107524864e-2 0.395906747270332
1.48282125850153e-2 6.34834311401633e-3 1.77016644164668e-3 1.95789338715876e-2 1.33126016622293e-2 5.29930317740961e-3 1.30688864114396e-2 0.425793552736656
#
5.81674298729552e-3 1.15218214750142e-2 3.51863856867879e-2 1.82874489385797e-2 0.30831914081772 3.47096435207488e-2 3.09915173185131e-2 5.5167299255341e-2
3.43968771471089e-3 2.11578574438061e-4 7.60154993852826e-3 4.1599914551221e-3 1.58235298121349e-2 6.88215744345231e-2 4.99200908630903e-3 0.394950078984234
2.91576118948882e-4 1.30592411637037e-4 2.65935533586626e-3 1.42771518634906e-3 5.11853582756178e-3 0.171611429206159 0.114788371205184 0.203972424708294
7.02204462521315e-3 6.89655015158131e-3 1.49477840252779e-2 6.43617845937821e-3 3.66684169932091e-2 1.10052129197726e-2 0.312781633467077 0.104242179358491
3.284052970108e-3 2.05129643061042e-3 1.47401949275639e-3 1.12076735275961e-3 3.73624999671745e-2 5.9137408689558e-2 4.65670557981217e-2 0.349002899298911
2.52099591998069e-5 7.39971634034115e-5 1.78017147416122e-2 1.4600938919088e-2 3.24622012024483e-3 4.75876517442831e-2 1.71114881267443e-2 0.399552779225424
7.80908087663352e-3 3.03857586743584e-3 7.14491735951216e-2 9.89409958518328e-2 5.47799491507414e-2 9.96245154247131e-2 1.37539002351104e-2 0.150603808998411
1.52257854129895e-3 7.38941416204448e-3 3.94032836426147e-3 1.01017392138367e-2 1.35358188780752e-2 8.1085344842877e-2 0.14627181659861 0.236152959398997
4.77168235603043e-4 5.95083341740578e-2 1.48657900021976e-3 5.92127940324658e-3 1.35024793323319e-2 6.44719429299778e-2 0.149257217624277 0.205374999300286
2.53815637851137e-3 5.3137114051745e-3 2.30575314076959e-3 5.48148722424464e-3 0.119356118476422 0.261685192827716 3.55149091572709e-2 6.78046713898912e-2
#
1.36613784009969e-4 1.42084962476591e-3 1.31686273713057e-2 3.7954167712067e-3 2.32200861402089e-2 0.152437428207963 5.85952601111721e-2 0.247225717989367
6.94952823902129e-5 9.34116154461747e-5 4.55999676834328e-4 4.06181565738539e-5 9.00589105650404e-4 1.01173153662347e-3 3.78398137238832e-3 0.493644173254093
2.43129928674444e-5 4.09078808323541e-5 1.11247658392553e-4 1.01115187009531e-3 7.9246054654247e-2 3.37770847351e-2 8.5288923988828e-2 0.300500316219637
2.44482128442409e-3 8.84954996205146e-3 2.68132825295675e-2 2.19809787291934e-2 3.92992337501608e-2 0.297506964858429 2.65464904395761e-2 7.65586784465978e-2
1.51470995458891e-2 2.52912531970289e-2 7.70380453491928e-3 0.103551088283309 4.05645637593558e-2 0.117838442054961 2.31642831109254e-2 0.166739465513611
2.0261257482263e-2 8.64986649956345e-3 3.32459763003889e-3 5.67237320436628e-3 3.09434437636812e-2 1.37337383230981e-2 0.157953018101757 0.259461704995232
7.53538234795061e-5 8.87385286242835e-6 5.76461663850888e-4 2.26255954763235e-4 5.65982636863349e-3 2.30767167271033e-2 0.217528298185869 0.252848213423438
9.77023273175396e-3 1.98831309657053e-2 8.47094519184146e-3 6.0059564932882e-3 6.09083863156329e-2 8.56699770045706e-2 0.207200786204151 0.102090585093056
8.61488851519899e-4 1.65251434902759e-2 3.22948097006202e-2 7.56798104371624e-3 6.04176056319364e-2 3.05871040287374e-2 6.1386085295795e-2 0.290359781957399
8.46830292927524e-5 1.62499680612796e-4 8.94894704883219e-5 2.50257147236386e-3 6.91415825444369e-2 0.133229552804564 4.86049065122642e-2 0.246184714485977
#
1.56714215869178e-3 5.84268813687025e-3 9.54245302022902e-3 1.35662198811115e-2 3.14809509321843e-2 1.17492107791686e-2 5.03389237782814e-2 0.375912411313463
1.38695779533428e-2 2.53218693282979e-2 4.41534733726774e-2 4.28565749898608e-2 6.13966263113013e-3 0.22437115514661 3.78417304161616e-2 0.105445956161919
1.00967784801163e-3 5.13541987848393e-4 4.45236609167224e-4 8.10807898608683e-3 1.9641845825645e-2 6.30465489893613e-2 8.71287590677336e-2 0.320106310686146
1.06932067380856e-6 1.09841662820518e-5 3.21604177502373e-4 9.7998924226682e-4 2.46928988174918e-3 1.59152661149804e-3 1.16143032204238e-2 0.483011233379604
1.45554910430323e-5 1.21047325043312e-5 2.01779206386655e-4 5.23537802542342e-4 4.30633300172951e-3 1.80580464867545e-2 5.51445858585887e-4 0.476332197420454
4.82129144572224e-5 6.7692303772157e-5 6.74401039173127e-5 1.21020220301649e-3 1.00669177656114e-3 7.58056125617407e-3 2.3835196720102e-3 0.487635679770091
4.04206905606095e-5 1.68157472747388e-4 8.39523896376504e-4 4.98421373756716e-4 1.23057549756837e-2 5.12591583791129e-3 4.00975834322152e-2 0.440924222320749
1.68966251416414e-2 1.6207472723013e-3 1.60162911310401e-2 5.67761740413394e-3 2.75015545875653e-2 0.114703121233674 0.236372228302142 8.12118149275015e-2
4.66125435604513e-4 1.31068828299975e-4 4.05221918352123e-5 2.55782414439813e-3 2.86518285437175e-3 1.36049477811016e-2 0.102387281002772 0.377947047761617
7.02351024064357e-7 5.30809059353081e-6 6.5859884945748e-3 6.06467437396803e-3 2.08887887872196e-2 6.40191193237946e-2 0.104700728541393 0.297734690037432
#
