0.617403               0.672216              
0.615414               0.679118              
0.615281               0.693854              
0.664063               0.624068              
0.649307               0.649505              
0.691618               0.569553              
0.661941               0.645706              
0.675116               0.616991              
0.647185               0.671144              
0.689496               0.591191              
0.702671               0.562476              
0.685226               0.596823              
0.698401               0.568108              
0.570655               0.700414              
0.583289               0.696616              
0.568666               0.707316              
0.568533               0.722053              
