0.589635 0.530498
0.589635 0.530498
0.589635 0.530498
0.589635 0.530498
0.589635 0.530498
0.564718 0.565444
0.50795 0.568162
0.641847 0.451053
0.614628 0.563848
0.564718 0.565444
0.50795 0.568162
0.49058 0.580236
0.471513 0.584687
0.641847 0.451053
0.614628 0.563848
0.564718 0.565444
0.55341 0.607379
0.641847 0.451053
0.626991 0.509286
0.614628 0.563848
0.584333 0.569957
0.55341 0.607379
0.641847 0.451053
0.626991 0.509286
0.617603 0.5138
0.614628 0.563848
0.584333 0.569957
0.566869 0.578115
0.555173 0.604434
0.55341 0.607379
0.530686 0.635004
0.52142 0.648633
0.664028 0.552305
0.622198 0.593898
0.562737 0.600851
0.560853 0.631098
0.549693 0.641667
0.52142 0.648633
0.664028 0.552305
0.622198 0.593898
0.610844 0.642101
0.559788 0.668298
0.664028 0.552305
0.6428 0.601314
0.620604 0.646369
0.581747 0.6528
0.570925 0.658465
0.565343 0.668491
0.557557 0.672404
0.669369 0.569099
0.66663 0.576082
0.6428 0.601314
0.641814 0.623614
0.641455 0.630735
0.620604 0.646369
0.587795 0.648887
0.581747 0.6528
0.579966 0.65779
0.570925 0.658465
0.565343 0.668491
0.56521 0.683227
0.513002 0.69369
0.702671 0.562476
0.669369 0.569099
0.66663 0.576082
0.654046 0.581807
0.649307 0.649505
0.617403 0.672216
0.578843 0.673249
0.56521 0.683227
0.534084 0.694546
0.515236 0.696436
0.702671 0.562476
0.669369 0.569099
0.669236 0.583835
0.656194 0.597814
0.649307 0.649505
0.622185 0.649647
0.617403 0.672216
0.605898 0.673733
0.583939 0.689232
0.583289 0.696616
0.544382 0.70112
0.515465 0.706074
0.702671 0.562476
0.698401 0.568108
0.689496 0.591191
0.657725 0.599165
0.656061 0.612551
0.652508 0.623659
0.649307 0.649505
0.628589 0.650403
0.617403 0.672216
0.605898 0.673733
0.583939 0.689232
0.583289 0.696616
0.570655 0.700414
0.552035 0.711942
0.702671 0.562476
0.698401 0.568108
0.691618 0.569553
0.689496 0.591191
0.661941 0.645706
0.649307 0.649505
0.647185 0.671144
0.617403 0.672216
0.605898 0.673733
0.583939 0.689232
0.583289 0.696616
0.570655 0.700414
0.552035 0.711942
