# V1	V2 
5473826 6526814
5493250 6343474
5496176 6282882
5502448 6218950
5510780 6180946
5539966 6127292
5565586 6052860
5584022 6050386
5590094 6048274
5601432 6041098
5603938 6036508
5604250 6035400
5642958 6009858
5643314 5996484
5655268 5954504
5681332 5885864
5685066 5881662
5761538 5869308
5762428 5860318
5792684 5772712
5823414 5767558
5860734 5740240
5890544 5724424
5906560 5704548
5961104 5688026
5985044 5666152
6065866 5653804
6079994 5610878
6177896 5605006
6187024 5598184
6211210 5595258
6247004 5580700
6289572 5553288

5464286 6468510
5483338 6425684
5486560 6398072
5490172 6321560
5492190 6249646
5501474 6243086
5506814 6242362
5530720 6222704
5540230 6195922
5544276 6191576
5546330 6178918
5547704 6173070
5551010 6144084
5582976 6109600
5609460 6057996
5624086 6049322
5625720 5993428
5638102 5971312
5647638 5921298
5663048 5915032
5704138 5888876
5729684 5836944
5747252 5819924
5759610 5812382
5782070 5768652
5873978 5762538
5874272 5761044
5882830 5760430
5904552 5723300
5939924 5707386
5947614 5701140
5971320 5697846
5982022 5661266
6063414 5654264
6065726 5632240
6069364 5596736
6272108 5587046
6315974 5583950
6368090 5578316

5459400 6391458
5479426 6334344
5495376 6334052
5499092 6252340
5504398 6186928
5525714 6168288
5547188 6143768
5559092 6086104
5587542 6070154
5587768 6045176
5606566 6009568
5645972 5973140
5659796 5967768
5685066 5903518
5700516 5884792
5708298 5837288
5786040 5816636
5808188 5810686
5827514 5802070
5836668 5767048
5870506 5732568
5892102 5721780
5924134 5705214
5934668 5677728
6004674 5669380
6027072 5659732
6031592 5638978
6044782 5637662
6082808 5609204
6092324 5603094
6253214 5575184

5463102 6438364
5473856 6324104
5482618 6290900
5504258 6287356
5505584 6193506
5532676 6189400
5546722 6156310
5572324 6061118
5620220 6025180
5625344 6016892
5631372 5956486
5659450 5928660
5720274 5898402
5733618 5857754
5743250 5838360
5758642 5818112
5829984 5796312
5848816 5749614
5854722 5735726
5898104 5707610
5941982 5702718
5972232 5675872
6021562 5660390
6023888 5654430
6075856 5638782
6106930 5614914
6117966 5608692
6171870 5587604
6209836 5566250

5462904 6447758
5471358 6403078
5478530 6374152
5488616 6373720
5489318 6286472
5505816 6207974
5525600 6194892
5540534 6183010
5563076 6147576
5575522 6129916
5585150 6059392
5589382 6042868
5605688 6018882
5615056 5998676
5639552 5966008
5646670 5944664
5697582 5934608
5698828 5934298
5701456 5917160
5707924 5882614
5730436 5861732
5740210 5856682
5789570 5781642
5830076 5746930
5919034 5725796
5933716 5669830
5953002 5668762
6025550 5652298
6065570 5647412
6098626 5606028
6172266 5584250
6277404 5576724
6283842 5566726
6349150 5563204

5473170 6393360
5476340 6380998
5491846 6353018
5495148 6296226
5519062 6265090
5519812 6212052
5534358 6174368
5537162 6161216
5564424 6150734
5576744 6127658
5581700 6103550
5581934 6056392
5590954 6039310
5611828 6032792
5622246 6010060
5640802 5969970
5679068 5951746
5693260 5893258
5696058 5887714
5715428 5879502
5745114 5861730
5770308 5812920
5786984 5779996
5804950 5755002
5828922 5746320
5906244 5728720
5935080 5706794
5963402 5686978
5975454 5675910
5988840 5667338
6028566 5658016
6048388 5628088
6066286 5625498
6105872 5598794
6250842 5577366
6288742 5565098

5463368 6432452
5472040 6379916
5486028 6301162
5522330 6189608
5543346 6142814
5544048 6103468
5547890 6095124
5584602 6070942
5601820 6057146
5606908 6046368
5628534 5996806
5639754 5979188
5667862 5903616
5706776 5857700
5737668 5831240
5777824 5781582
5798668 5779106
5826374 5753854
5840298 5742252
5899532 5686184
5981008 5671694
6045318 5649770
6061648 5635462
6126548 5613592
6154312 5607456
6165072 5601942
6227740 5585918
6263758 5570116

5468774 6382734
5498568 6304846
5499490 6235464
5517008 6227206
5519794 6225236
5525784 6196098
5527344 6196068
5540808 6134132
5556582 6114292
5566184 6097612
5569316 6025674
5618874 5954694
5630924 5951274
5672118 5947266
5677566 5916114
5722486 5867416
5758392 5846684
5777734 5787298
5833602 5779658
5834850 5755424
5852146 5754470
5861922 5720298
5963272 5698242
5973552 5695486
5979604 5679158
6001482 5643540
6020326 5626466
6050568 5595726
6154474 5589552
6209536 5563840

5487164 6387864
5493858 6347562
5495452 6314548
5503952 6288260
5508524 6269818
5520270 6239256
5528570 6207896
5529942 6147766
5560010 6132202
5562612 6101794
5593108 6081356
5615656 6047176
5630456 6014302
5633416 5981558
5662954 5916380
5701298 5893354
5715524 5884950
5727872 5870568
5739352 5858264
5772402 5823914
5780418 5818252
5786840 5816708
5830932 5790760
5834644 5764390
5869730 5762196
5875676 5737886
5889824 5732110
5917000 5719372
5919168 5710156
5933164 5696970
5941176 5687456
5968848 5670862
5988362 5641660
6088704 5635518
6091792 5623608
6106984 5599008
6195550 5585052
6297880 5569958
6306082 5553538

5462044 6435818
5484260 6386302
5488498 6285006
5502622 6242846
5520082 6215464
5527790 6212844
5536864 6208854
5556500 6180892
5557828 6105258
5560916 6087702
5585718 6067392
5602506 6049554
5607700 6003382
5629368 6001370
5661986 5963470
5671440 5958196
5673518 5945960
5692180 5934804
5700026 5900610
5700538 5877378
5720530 5864594
5720804 5811566
5805576 5782574
5821954 5768060
5883228 5722900
5927952 5713414
5928762 5686332
5949524 5671262
6022138 5649370
6073150 5627932
6083922 5620382
6189274 5616004
6192004 5602090
6202578 5583326
6205034 5555302
6236032 5541288

5464096 6302030
5512218 6157876
5539916 6137688
5540734 6109298
5591870 6107332
5594846 6081628
5609524 6056874
5612712 6016244
5635752 6008636
5643372 5967030
5672520 5958904
5673058 5919582
5698226 5915150
5736220 5870434
5747934 5865668
5782542 5832806
5783226 5805662
5825482 5786756
5833726 5774638
5863254 5740006
5900318 5732572
5912698 5680052
5958580 5673376
5974446 5670744
5996902 5641786
6018904 5628254
6068804 5618760
6134070 5617998
6147618 5611076
6154364 5585526
6231908 5570114

5478162 6302532
5492580 6272064
5514554 6249728
5521940 6236398
5523922 6222574
5526614 6161368
5559890 6123700
5563894 6033748
5597430 6006592
5612680 5986774
5624044 5931842
5664846 5921454
5712834 5878164
5731736 5861610
5751760 5845224
5759554 5804516
5792678 5802622
5827862 5785862
5828000 5783260
5855824 5759194
5858444 5746108
5865216 5737808
5866704 5731096
5871804 5726804
5956844 5667532
6039342 5635498
6110914 5633938
6111532 5619508
6130620 5615284
6146544 5610928
6165116 5609980
6219808 5599314
6272020 5581332
6306308 5570008
6327900 5562564

5459306 6472574
5478000 6335576
5496942 6330424
5515726 6326626
5518730 6250746
5521632 6149208
5568464 6107872
5570200 6082650
5598276 6075422
5611736 6007338
5617260 6006774
5654824 5973176
5667198 5900706
5709896 5874518
5725116 5837692
5760102 5836974
5772502 5821754
5817124 5786934
5827338 5755606
5841200 5732114
5887968 5729354
5927252 5684720
5935826 5672138
5978816 5659646
6016392 5622784
6073776 5621626
6097370 5581836
6289038 5566690

5491858 6403678
5492276 6347128
5501992 6321612
5507342 6314246
5508776 6279032
5510304 6163454
5525860 6120256
5554948 6119586
5563934 6106438
5580268 6089920
5590538 6069026
5598274 6048738
5622562 6037658
5624374 6018308
5629954 6010616
5634070 5971220
5670456 5921322
5684026 5918784
5703500 5903930
5736216 5844806
5758852 5828618
5771054 5807936
5824234 5754078
5830534 5747444
5850850 5742776
5858832 5728474
5924410 5717742
5946666 5692180
5973574 5665240
5982892 5645420
6057330 5625640
6132696 5606594
6179432 5583116
6310588 5581560
6357798 5565104

5473616 6365124
5483300 6313064
5504884 6253696
5507284 6248576
5521370 6221830
5533570 6197372
5535110 6194642
5556436 6135286
5568184 6073172
5596556 6066640
5604918 6048232
5611088 6007282
5613452 5977660
5648454 5957486
5666660 5927316
5691638 5917364
5696656 5881888
5746996 5855012
5781462 5829580
5783374 5827822
5801384 5782180
5802008 5772632
5836906 5745708
5898018 5728342
5914834 5710606
5923260 5694894
5944566 5675980
5989300 5655444
6015852 5654926
6071484 5651702
6085962 5614748
6155170 5605904
6219216 5597388
6229872 5596136
6355788 5585346
6358938 5580490

5451054 6443550
5468206 6292932
5513040 6278006
5519200 6158560
5541188 6144916
5575260 6094414
5584080 6041258
5603840 6032658
5611498 6005860
5670768 5981726
5671922 5901218
5736616 5865220
5743112 5852820
5756044 5814416
5858480 5757432
5859216 5740162
5862256 5736824
5890464 5727424
5925262 5714692
5931186 5702696
5991426 5672862
5996850 5644532
6029484 5632112
6101178 5595104
6150300 5583016
6163900 5571306
6262890 5559534

5466818 6467160
5484180 6308694
5490738 6278358
5512120 6248044
5523598 6150674
5557638 6093354
5557834 6088440
5578156 6068020
5596418 6041396
5615368 6002640
5629738 6001232
5630074 5987482
5647204 5969202
5675654 5931724
5698938 5862152
5771070 5837874
5792712 5821942
5798774 5821542
5816834 5811922
5837762 5767234
5861694 5766624
5864226 5762180
5877058 5730980
5916290 5709438
5964328 5692998
6004902 5681346
6012366 5680162
6025224 5666758
6030442 5657732
6049238 5626340
6098358 5618936
6112590 5600128
6172164 5598820
6234638 5580636
6276460 5567134
6391042 5560836

5476496 6448550
5484800 6441964
5486666 6326926
5509022 6185866
5526670 6113278
5561814 6102252
5585682 6100740
5605992 6074462
5611434 6000132
5615300 5999414
5618462 5995558
5627828 5993486
5639274 5949160
5680480 5879822
5740488 5837192
5750178 5834752
5815454 5776118
5819886 5774184
5874084 5749848
5882244 5733082
5901402 5725664
5934924 5706842
5941048 5697296
5968522 5689110
5979526 5679058
5987056 5676004
5999960 5671618
6004028 5661610
6065500 5657232
6102992 5628946
6118938 5618594
6156916 5614400
6166074 5599882
6187334 5568340
6291410 5551648

5462092 6578838
5469474 6312478
5470536 6308272
5506202 6202130
5537080 6094448
5575758 6038920
5594824 6012806
5621804 6010540
5622548 6002610
5654616 5965410
5659166 5948048
5659856 5945366
5673952 5943166
5681424 5923854
5711768 5916320
5713990 5895934
5725642 5828812
5748354 5819730
5783182 5816492
5786506 5813720
5842456 5796984
5850396 5783282
5857620 5769208
5864936 5762616
5870328 5747932
5873652 5727540
5946020 5693944
5972542 5688728
5983342 5650576
6017740 5649586
6022766 5639208
6074832 5609498
6144096 5609100
6197054 5607916
6205762 5586168
6254604 5584254
6313180 5576628
6372986 5574362
6389744 5571078

5477962 6305670
5502112 6303922
5518518 6285740
5525556 6240952
5529618 6174678
5572690 6112580
5583130 6105584
5592230 6066632
5601494 6052948
5632598 5993334
5635970 5952384
5653452 5950026
5656292 5924886
5688570 5892638
5728464 5864952
5768474 5819182
5792722 5795344
5810534 5775870
5823686 5753896
5826790 5748290
5901464 5711600
5953112 5694464
5964726 5681660
5993236 5633966
6091666 5620806
6161836 5619102
6187506 5594304
6207150 5573984
6329262 5572274
6444050 5571240

5476994 6413058
5487532 6345980
5497006 6334266
5498226 6310770
5502026 6298096
5502806 6249656
5525448 6234870
5536278 6199468
5540218 6178268
5553554 6176648
5555558 6126162
5586254 6119268
5587004 6095478
5599208 6053264
5605482 5956758
5693504 5946334
5719632 5942226
5721290 5875510
5768950 5818234
5774276 5789072
5805764 5769564
5820410 5760244
5872976 5741360
5911662 5709442
5942788 5699226
5959804 5670764
6007238 5654574
6045790 5622638
6123814 5619560
6188898 5593504
6212412 5571680
6366708 5565044

5471336 6315342
5491628 6284588
5501326 6277322
5502674 6262448
5508838 6254442
5513624 6227666
5535670 6176916
5538978 6162688
5548068 6134918
5552816 6126506
5563438 6099144
5586172 6060446
5600224 6032344
5635182 5999762
5660892 5940974
5699962 5897722
5708900 5857856
5769490 5840154
5787466 5817440
5804206 5813018
5826076 5772564
5827764 5771020
5831912 5761062
5847890 5757042
5867020 5714660
5982128 5681038
6001028 5672288
6010194 5666498
6045448 5663608
6050148 5658530
6052004 5652818
6084784 5618548
6155900 5590124
6259082 5586160
6349080 5580132
6415522 5571378

5480036 6476354
5482270 6326440
5491422 6275512
5505634 6240896
5519850 6221902
5527274 6218344
5541714 6188026
5565924 6045534
5609560 6042750
5619128 6020164
5631696 5988372
5659906 5964766
5662036 5960206
5665044 5947768
5683374 5890356
5715530 5875230
5742592 5849416
5752076 5843532
5776004 5823888
5803218 5788098
5858410 5750908
5900096 5734998
5905468 5727668
5910454 5725540
5948994 5662558
6029008 5658500
6066820 5654874
6067114 5623270
6097022 5617182
6128324 5611634
6180012 5608960
6189356 5602644
6239140 5568314
6244782 5565176

5477242 6497954
5485042 6418628
5488040 6388640
5498664 6385192
5499852 6361860
5504184 6343310
5504698 6224208
5521574 6149532
5543222 6098508
5577962 6089138
5593958 5998976
5626292 5972690
5668196 5941802
5688920 5937596
5700628 5910000
5730530 5897624
5735462 5852836
5754254 5848404
5759728 5832682
5763328 5822410
5773490 5803096
5839716 5770870
5877774 5768684
5885802 5698244
5966396 5685326
5974018 5673048
6001706 5658124
6013834 5649982
6031780 5643234
6073592 5622762
6080262 5621646
6111294 5591928
6210600 5580586
6278276 5572274
6359836 5571896

5483734 6527794
5484548 6401346
5489654 6362178
5500958 6348516
5505038 6288340
5507650 6253554
5514452 6205286
5527924 6173394
5553540 6154908
5563394 6124660
5570452 6037498
5621038 5981702
5629386 5969184
5662568 5938110
5674806 5938020
5680216 5915034
5703292 5884440
5741838 5833770
5771504 5824890
5780040 5816532
5797864 5805076
5810398 5788146
5813636 5762580
5836414 5750126
5883484 5745130
5898980 5698260
5931390 5697906
5958732 5685018
5965588 5682380
5979396 5677592
5995504 5672166
6033678 5668602
6047856 5643420
6102928 5614184
6126138 5605970
6132790 5601730
6182082 5583418
6231718 5583088
6261116 5578752
6393790 5558642

5479152 6370306
5483326 6346230
5485092 6251692
5517202 6222060
5535384 6178272
5536120 6170102
5536752 6143918
5554910 6108976
5567966 6106792
5569914 6051718
5605876 6040696
5641924 5993790
5661286 5968578
5662206 5967642
5673364 5935440
5716222 5855508
5773588 5831476
5785820 5823902
5823924 5749578
5849948 5739752
5944590 5683332
5994348 5671270
6017810 5634482
6109146 5634340
6117362 5595428
6208684 5586720
6269642 5571504
6271632 5552066

5482234 6406148
5498040 6340538
5502866 6197636
5530488 6185752
5543008 6165486
5559882 6143190
5573468 6130378
5575658 6129774
5576584 6044426
5649386 5949764
5654956 5944032
5687204 5901440
5695532 5893306
5733938 5836310
5775554 5791398
5814190 5755000
5845614 5742466
5879506 5720208
5900890 5718980
5904184 5693338
5970758 5677364
6002442 5676588
6004862 5643736
6027296 5634274
6129564 5615078
6160288 5613492
6204154 5603138
6249170 5595702
6258006 5587184
6289434 5578930

5449790 6360588
5497376 6317394
5509168 6243800
5515094 6221302
5517326 6213532
5543098 6150386
5569186 6098304
5575970 6095022
5583952 6042126
5612434 6036164
5617618 6027198
5619280 5993738
5628856 5992568
5654492 5947008
5691142 5916532
5693644 5910702
5705094 5872634
5744078 5846660
5758548 5830634
5794420 5805406
5801654 5788142
5864826 5726540
5877074 5726028
5919900 5710778
5929708 5692868
5931392 5681482
5947286 5674014
6002630 5630226
6087886 5623256
6145286 5612586
6146552 5612552
6155652 5609596
6179356 5600760
6190666 5574378
6318134 5567528

5471220 6468532
5482532 6395690
5486656 6314146
5501106 6302906
5512580 6271016
5528464 6207280
5530358 6201316
5532944 6171108
5565482 6157722
5571040 6087264
5580004 6084082
5614482 6034960
5615832 5989788
5646232 5984510
5676516 5889250
5705932 5868272
5763350 5860400
5775828 5802802
5841996 5777068
5891626 5743364
5916262 5718944
5935150 5706706
5961250 5685776
5981954 5670504
6018184 5670042
6033064 5654170
6050652 5599726
6175722 5598556
6279254 5595090
6332050 5587276
6465206 5564530

5476436 6408608
5478444 6387120
5482118 6350128
5493142 6246986
5508674 6244768
5524268 6228466
5527382 6215856
5531182 6180854
5553874 6119424
5572456 6101534
5578762 6069204
5602250 6026392
5651678 6010604
5655438 5960172
5669662 5941576
5703622 5888538
5726340 5875696
5735524 5841520
5783990 5827008
5801634 5814228
5833744 5780676
5839964 5779752
5855850 5766676
5858106 5754604
5865518 5732046
5883178 5726642
5889742 5711072
5926030 5697440
5941092 5686218
5981268 5664032
6020892 5649144
6053788 5638612
6085058 5623378
6158830 5610796
6184890 5582856
6197438 5580976
6206466 5579856

5475416 6416414
5494808 6322584
5494898 6277040
5507310 6249028
5510056 6224506
5545328 6170464
5549950 6140024
5556222 6098820
5564384 6082464
5582810 6056022
5605832 6052350
5611844 6010136
5630012 5988642
5637806 5970850
5650776 5954760
5670672 5933222
5689326 5906660
5729392 5896104
5747050 5831224
5763440 5822956
5785838 5813370
5796866 5811936
5825328 5715716
5924600 5680902
5967970 5675118
5981970 5657248
6022560 5627144
6122836 5615908
6173136 5609690
6174692 5598520
6229418 5590962
6270800 5589716
6284222 5565580

5466502 6446336
5467992 6390878
5479664 6362974
5492064 6326966
5492484 6322866
5499922 6291382
5504254 6167980
5556712 6164764
5558676 6126026
5563106 6117316
5572622 6083426
5591680 6053926
5606676 6005232
5649200 5973054
5649594 5903672
5682254 5896098
5733892 5875122
5738722 5867076
5767500 5843076
5800616 5783878
5823378 5762688
5833484 5754320
5850344 5737568
5873752 5726626
5970470 5675280
6006328 5671568
6006754 5651258
6013652 5649844
6057966 5647930
6087738 5613908
6159902 5607402
6173798 5605132
6175228 5603782
6187338 5600156
6200572 5583828
6204620 5582636
6280986 5573892
6412792 5572106

5485682 6446206
5494238 6398914
5500454 6391388
5501406 6237808
5520706 6220172
5535056 6127840
5566128 6041192
5642124 5938724
5684194 5914826
5708454 5888878
5732276 5872608
5751898 5843442
5775094 5841756
5784542 5836496
5803668 5801326
5808424 5794892
5825092 5780748
5854922 5755850
5914738 5727130
5921530 5721118
5938180 5714496
5942532 5669070
5964712 5659966
6037352 5653196
6062878 5640288
6091350 5634882
6107326 5621856
6172602 5605134
6189200 5599982
6200210 5593368
6228116 5587244
6233406 5581708
6239380 5567994
6311924 5566262

5478454 6305380
5504670 6261120
5506744 6238540
5508922 6211710
5519682 6167122
5552246 6140320
5552776 6116692
5576682 6088614
5577978 6085384
5590356 6041578
5605824 6019908
5630326 6008634
5648488 5894918
5715008 5881122
5720832 5852380
5767266 5842926
5780832 5806990
5809546 5776604
5838912 5712818
5894558 5712808
5975678 5640822
6044740 5634566
6060504 5615632
6125704 5605784
6170204 5591392
6259054 5586726
6288594 5572586

5487404 6505136
5488066 6469774
5491100 6468776
5494454 6466944
5496488 6265610
5505678 6203570
5530012 6199960
5540236 6179770
5540758 6120200
5569652 6097142
5594360 6094274
5605600 5987872
5641364 5965428
5642756 5906184
5660574 5904474
5668140 5893668
5714694 5892624
5719186 5857312
5756394 5824572
5800002 5814280
5815284 5788864
5830600 5772410
5845572 5759124
5899410 5739376
5913894 5707548
5932538 5692260
5942804 5650630
6067430 5645978
6099890 5634122
6102370 5615454
6185322 5602756
6229324 5581660
6383824 5575026

5459624 6428096
5482434 6382876
5482998 6367468
5488694 6355134
5503436 6317548
5510740 6311844
5514852 6123142
5559384 6090636
5578092 6063416
5587144 6045020
5591742 6004966
5658562 5920124
5700632 5903432
5712048 5885158
5721200 5876400
5737732 5873206
5766018 5838690
5786404 5815978
5804348 5782172
5816338 5771742
5873988 5738298
5887378 5736068
5895956 5735474
5902780 5729986
5922248 5716432
5966162 5685622
6014824 5667174
6038912 5648196
6048966 5632480
6104140 5614558
6146154 5609348
6162608 5580476
6261536 5563968

5477798 6449140
5479438 6395840
5483538 6218896
5514362 6175112
5549712 6164854
5559170 6102538
5593456 6053856
5609602 6020730
5619402 6010464
5631064 5979454
5649360 5912220
5713618 5909768
5714244 5884078
5748984 5845392
5749164 5836510
5750810 5822506
5820888 5767022
5834684 5736210
5860990 5724518
5938544 5708498
5938874 5691396
5981106 5673554
5987936 5667424
6015752 5667104
6043446 5656200
6049822 5640162
6073992 5636398
6087080 5617556
6181176 5614454
6198434 5575140
6346566 5537606

5483532 6428890
5492880 6370378
5501636 6321612
5504956 6210876
5518638 6202918
5521582 6173098
5540626 6127020
5544388 6116352
5562316 6113500
5580746 6072986
5588580 6059712
5590504 6058282
5593166 6042970
5619372 6019842
5625578 6008600
5640660 5947930
5686584 5892942
5732404 5864002
5733668 5839386
5775534 5829672
5780904 5798060
5803422 5744810
5861676 5735474
5897536 5728874
5929106 5669632
6005956 5664968
6024628 5602998
6136692 5602388
6208558 5589984
6289078 5577538
6340194 5561110

5475250 6377744
5475538 6300898
5489862 6254860
5514748 6218272
5520354 6201664
5521426 6195350
5522986 6172960
5551334 6075652
5606018 6030684
5614248 6018184
5632198 6006710
5636696 5947192
5688418 5918022
5695524 5895104
5714772 5887822
5733200 5877002
5755204 5855330
5775646 5829228
5804642 5803844
5836288 5778376
5856586 5764250
5864598 5753968
5903266 5723860
5914304 5666354
6011494 5659530
6062182 5635752
6065886 5631876
6102566 5611292
6181224 5584990
6262830 5569638
6319012 5568810
6323814 5559744

5485454 6435060
5486024 6430600
5489652 6311602
5498668 6236122
5514236 6218510
5522926 6202370
5535544 6148218
5566686 6088756
5583268 6078068
5593026 6036524
5639562 6016236
5640904 5975304
5661706 5974254
5687332 5892614
5722928 5882386
5746072 5865588
5750716 5858940
5772214 5796528
5799536 5776254
5830698 5753610
5849740 5744968
5903734 5703246
5946244 5701550
5960694 5692208
5982448 5680232
6010916 5670600
6026868 5630170
6097832 5589806
6137714 5574058
6241710 5569848
6403462 5540170

5477070 6381546
5482812 6343942
5497738 6250668
5500700 6195740
5529378 6187972
5547150 6163038
5569934 6106006
5570852 6096484
5578912 6085038
5587420 6074020
5596830 6067552
5630536 5974450
5685806 5954198
5689308 5919094
5708858 5905640
5714196 5871406
5744476 5841532
5755330 5835452
5807046 5800740
5856690 5780370
5870194 5746190
5873514 5738670
5887332 5704492
5922840 5698928
5958844 5684162
5994002 5680112
5999338 5674010
6028500 5659068
6028742 5656484
6050358 5637648
6097612 5617122
6124398 5613534
6160934 5610418
6192978 5591884
6234512 5579598
6310244 5574518

5475788 6343900
5500038 6214932
5515048 6185826
5560590 6165392
5569894 6079136
5593678 6050686
5612714 6033938
5620914 6032792
5628756 6031746
5639846 5985054
5649930 5933230
5675978 5922054
5697432 5898172
5716232 5834492
5796318 5794706
5818138 5785016
5838756 5749064
5860490 5712612
5891766 5710352
5968886 5692592
5991376 5669418
5994528 5630022
6145124 5603974
6173424 5586596
6189704 5572946
6340204 5572896

5449910 6516530
5482336 6285234
5494198 6275156
5517278 6242008
5520934 6195258
5533524 6177806
5547656 6157390
5549098 6125744
5553602 6066752
5575196 6008336
5651312 5908634
5685192 5856062
5734570 5840310
5736886 5832454
5758336 5813940
5792400 5789752
5814488 5778094
5819438 5769344
5838818 5768270
5909692 5742358
5912076 5735228
5926230 5714812
5949448 5697930
6000986 5644570
6023396 5626212
6181120 5614154
6185072 5609036
6205964 5595802
6221808 5579762
6245078 5571658

5466544 6398522
5494892 6398178
5500882 6389244
5503044 6274974
5510332 6249752
5529086 6226392
5535142 6185054
5560910 6114652
5579180 6074022
5592078 6073948
5607764 6060394
5632582 5996284
5642274 5962336
5648564 5953092
5682002 5915656
5685666 5848800
5758284 5811460
5769494 5796576
5814380 5744926
5914024 5719580
5916174 5704154
5930728 5684998
5958350 5670046
6008908 5669682
6023158 5641284
6025246 5637146
6070770 5625448
6139132 5615990
6149128 5606468
6201750 5599204
6294558 5589954
6318614 5587126
6340804 5574332

5479060 6323906
5493464 6293284
5499438 6235424
5511298 6183474
5550030 6101710
5584136 6095704
5586938 6055862
5597842 6035596
5614492 6032278
5631248 5997120
5641868 5986896
5676934 5938752
5680326 5925988
5689578 5905896
5734814 5859216
5740846 5802592
5826118 5754532
5923466 5720766
5928748 5717000
5975254 5660196
5992186 5638164
5992788 5600498
6162178 5578838
6248430 5576284

5475118 6435982
5483672 6360602
5488830 6325710
5497512 6324620
5507240 6308316
5513970 6241060
5520534 6224638
5526728 6217714
5542800 6104526
5552074 6100120
5569424 6096892
5591314 6073528
5599858 6034512
5614934 6032642
5621298 6014138
5666174 5925372
5691826 5916612
5701216 5911134
5709314 5897524
5719456 5886088
5752630 5818508
5784840 5817870
5797122 5811024
5804720 5785720
5844584 5756382
5850902 5750520
5885502 5749016
5915900 5715688
5922496 5676638
5979614 5669404
6045820 5642966
6076674 5623188
6106024 5607856
6149702 5582174
6219284 5576156
6261486 5573980

5459832 6408776
5469216 6319674
5479890 6306962
5494110 6295862
5517946 6225578
5547424 6191008
5562170 6086730
5577384 6051336
5594298 6025474
5600858 6023876
5625786 6002974
5644394 5930874
5700520 5928518
5723406 5896046
5748694 5875660
5753326 5856656
5763352 5809096
5778430 5804910
5821536 5797864
5822536 5794462
5842722 5757820
5844752 5745514
5869550 5733106
5876388 5730590
5890714 5711660
5969512 5687410
6001494 5668310
6022810 5659440
6056304 5641308
6091630 5641006
6102978 5634714
6109212 5611328
6119456 5603826
6185404 5598770
6217316 5597634
6272906 5578808
6295572 5572830
6343222 5568738

5484310 6379042
5486138 6360170
5486992 6321300
5496824 6219490
5559852 6130070
5572182 6079580
5580334 6029538
5613274 5991612
5649176 5948568
5669118 5919590
5742390 5868550
5746634 5822238
5770774 5805736
5788306 5800650
5819532 5776328
5831498 5742624
5913036 5740578
5924776 5721282
5963520 5692374
5967316 5674742
6014172 5664652
6034278 5641400
6068876 5627842
6089892 5621082
6119434 5618610
6120534 5605902
6188936 5589360
6257844 5579294
6349392 5565004

5491082 6386524
5493906 6343586
5497314 6292866
5513470 6213936
5531342 6151586
5531430 6140404
5562348 6068212
5577260 6061380
5589900 6020722
5636914 6008154
5640672 5992244
5674446 5959134
5692866 5946984
5701910 5913732
5714692 5898344
5727630 5831260
5782382 5822456
5813058 5805122
5814258 5797414
5822176 5782362
5829800 5780682
5852744 5759450
5856840 5729988
5892878 5694074
5950690 5688888
5967508 5682574
5994048 5668698
6042838 5664070
6047582 5636692
6091042 5632098
6129292 5614932
6155284 5612942
6197560 5558300

5465448 6446206
5489140 6341470
5501118 6254536
5504958 6161898
5537060 6153046
5553206 6124878
5585110 6050368
5595628 6024648
5606686 5992270
5621218 5990642
5627294 5989568
5639182 5959810
5666496 5937446
5692382 5896438
5737860 5862214
5754342 5857330
5764424 5830622
5787838 5812434
5806778 5798016
5867764 5727364
5927634 5712026
5933016 5694848
5970010 5671398
6020376 5669296
6039170 5628094
6100452 5615482
6169532 5608282
6185456 5607208
6222472 5592528
6229510 5579186

5482536 6484438
5486382 6383442
5494888 6375004
5498638 6366008
5505878 6302736
5507980 6266538
5519780 6221492
5533436 6189274
5544996 6176668
5547756 6120880
5573564 6065846
5590212 6055956
5592864 6030194
5599438 6018218
5653444 5937214
5682358 5934082
5694082 5903272
5728906 5854022
5753912 5843180
5754612 5843072
5776162 5842502
5785916 5832296
5801550 5777502
5841206 5755574
5873810 5720266
5939594 5704020
5970404 5703370
5971668 5669228
5986858 5641268
6054778 5640784
6071500 5599518
6206094 5587078
6211126 5578264
6363800 5578044
6386942 5566400

5473900 6306782
5492668 6290774
5514266 6255358
5525906 6238542
5531872 6222688
5536516 6182360
5544354 6159038
5550416 6127194
5569964 6095024
5577066 6049856
5605162 6043336
5613238 5988306
5632244 5983986
5662582 5972414
5681626 5965748
5693864 5879098
5733868 5838766
5748158 5828796
5776908 5827862
5783094 5822980
5808916 5793698
5809664 5734706
5863222 5712246
5927686 5673136
5946256 5671578
5970828 5657994
6025730 5651436
6057090 5629444
6154010 5616490
6206366 5609928
6217848 5607660
6220852 5567010
6305566 5553868

5465582 6334692
5514064 6298536
5516134 6291048
5517348 6246566
5519528 6204940
5544126 6146500
5551202 6137672
5553666 6098906
5577814 6050592
5591588 6028120
5611218 5987740
5642512 5943294
5671352 5934848
5687966 5920742
5702130 5913216
5710238 5879108
5721414 5849820
5785902 5811580
5807766 5781618
5828404 5768192
5857666 5740376
5890242 5739180
5905764 5709286
5929448 5694686
5958946 5678406
5984364 5678398
6038550 5658558
6041636 5626112
6108950 5619228
6128228 5603840
6197698 5581078
6212080 5553028

5461758 6354910
5507614 6306068
5513990 6228168
5527168 6183450
5529878 6180878
5534110 6173238
5538502 6152568
5543270 6150364
5569552 6114430
5580796 6095670
5621222 6000686
5634532 5942304
5670136 5941092
5671702 5933650
5687848 5930930
5705334 5926130
5708458 5906222
5714344 5898926
5737438 5846956
5761212 5840394
5770126 5808552
5806014 5781338
5848990 5738746
5860300 5729208
5936070 5706296
5944572 5701130
5961870 5666448
6008794 5654194
6028188 5649442
6079262 5640324
6095334 5596232
6197090 5592236
6215328 5588596
6242372 5572768
6357064 5564270

5476094 6433316
5483426 6314992
5502966 6294214
5504902 6280768
5520120 6272690
5520528 6215190
5525134 6198244
5532710 6173442
5558176 6162014
5586534 6068136
5601054 6009172
5659266 5974862
5660480 5962366
5665228 5926736
5669768 5910518
5704168 5884704
5738140 5869620
5744728 5826492
5802342 5824774
5822850 5804588
5842134 5777860
5849472 5754478
5867686 5734400
5921346 5726214
5924528 5720734
5941594 5671454
6017414 5604048
6175234 5586422
6199182 5585184
6253850 5560294

5488754 6289834
5517316 6221554
5544086 6110098
5572992 6064846
5592800 6037538
5603214 5962172
5666690 5961082
5670690 5891274
5698994 5861472
5799914 5836116
5807160 5822120
5819888 5793938
5822312 5783658
5851266 5757120
5851538 5755058
5860062 5754402
5894798 5717536
5914660 5715168
5952240 5687042
5977674 5625162
6083192 5619602
6086204 5609238
6159308 5597580
6228456 5583054
6280858 5569272

5479676 6437812
5481470 6293018
5486382 6264740
5502348 6202546
5540380 6186874
5563558 6142994
5564722 6076506
5595414 6058850
5609668 6026376
5615128 6010608
5629566 5999840
5654198 5995816
5660536 5927498
5687048 5911354
5690870 5899862
5712924 5874582
5738952 5833770
5795016 5798726
5799090 5756814
5866646 5720572
5934432 5709718
5951652 5692570
5975900 5670714
6019450 5636020
6054826 5604562
6147266 5603810
6178412 5600058
6194552 5596482
6265440 5570560

5475590 6392552
5496646 6385840
5502416 6312538
5512492 6305956
5513304 6300844
5516872 6279942
5517666 6256382
5519348 6210760
5542352 6189176
5559848 6117748
5566582 6074554
5586828 6056692
5630576 6006828
5636506 5985270
5647050 5959454
5671784 5922486
5707360 5879692
5713660 5861914
5742864 5858264
5759316 5830834
5787420 5794878
5855246 5754970
5861428 5744174
5878364 5719470
5905854 5719316
5920926 5682958
6015936 5658294
6019836 5626820
6069554 5613684
6179354 5594306
6194946 5566556

5463628 6435758
5493832 6377176
5495878 6332872
5503910 6242306
5520388 6237306
5524714 6213296
5543186 6202394
5546880 6153540
5556430 6100964
5575182 6098518
5575988 6066260
5587788 6055584
5629148 6023696
5631898 5966398
5653740 5952296
5654322 5948332
5656800 5947644
5673702 5935672
5692628 5885334
5716390 5885188
5745442 5853790
5767066 5812910
5802510 5812268
5809222 5766224
5850122 5763598
5874236 5726982
5912082 5713672
5940968 5694686
5971890 5655294
6043326 5645048
6044708 5638146
6125448 5627114
6148728 5625298
6149148 5599190
6208316 5563956

5474560 6395858
5485632 6340854
5493612 6283026
5518648 6220456
5523212 6207102
5525282 6145122
5564032 6120030
5632132 6036386
5643022 5940304
5659764 5934556
5682522 5912214
5698902 5888112
5733982 5854008
5749028 5842736
5796530 5807128
5826316 5777658
5838424 5756836
5892372 5696344
6003690 5653228
6005014 5641656
6005830 5636020
6032202 5623862
6160142 5622566
6162520 5604142
6189996 5599888
6263596 5571760
6407352 5567460

5465002 6481596
5471726 6386242
5475780 6350416
5495340 6333646
5496606 6284054
5500628 6262358
5516462 6218108
5543874 6179684
5553436 6125492
5556732 6099658
5565972 6013326
5624886 5992544
5632518 5989712
5648408 5947896
5694898 5904464
5697252 5903338
5703214 5892674
5726304 5874094
5786638 5829746
5791102 5795992
5819300 5788202
5836014 5757148
5878658 5749446
5882628 5714462
5922790 5714298
5939160 5690696
5951404 5684138
5992874 5683158
6033112 5668044
6038378 5655578
6054046 5642378
6101142 5571080
6272468 5566180

5478014 6266504
5490102 6208560
5539310 6137958
5551192 6104634
5557284 6095580
5568324 6079160
5611712 6012100
5631866 5956536
5661938 5908692
5672572 5908628
5694688 5892876
5741392 5822414
5775330 5807942
5790956 5795942
5822138 5794996
5834468 5775870
5856556 5768892
5860474 5759838
5887966 5740248
5899352 5721566
5931358 5712210
5945898 5702258
5983476 5666820
5998128 5645850
6014776 5633844
6042002 5632744
6123340 5626164
6168380 5621354
6199922 5616446
6204290 5616132
6210686 5567286

5467196 6380972
5480696 6285836
5508440 6280948
5512098 6265504
5529052 6242770
5531436 6212368
5534440 6187688
5540258 6123834
5566330 6092520
5593640 6065944
5605206 6059426
5606172 6024128
5618850 6014730
5623060 5998894
5638146 5990052
5663350 5938828
5667320 5893784
5721574 5889506
5742176 5880520
5749078 5871644
5753716 5853886
5798236 5812098
5807338 5809210
5821828 5798040
5840770 5772150
5884748 5766808
5890018 5720086
5940572 5688688
5968518 5651242
5984036 5650722
6050850 5636620
6091686 5628922
6095026 5627248
6125452 5620382
6137764 5607324
6223024 5594950
6234052 5592622
6247122 5577442
6273898 5548004

5464598 6433504
5479314 6195232
5520246 6189556
5564720 6120956
5572154 6109532
5573878 6085216
5586354 6079084
5587926 6035400
5612456 6014416
5645778 5950708
5694752 5937236
5698946 5879060
5722036 5847706
5774804 5797182
5827270 5768696
5867424 5747028
5915378 5734278
5926418 5698772
5942958 5647022
6052640 5626128
6065970 5623686
6118250 5601708
6169554 5598620
6216494 5597534
6253658 5562602

5480416 6430002
5497642 6308932
5504684 6291132
5508250 6264026
5513720 6225656
5529132 6173266
5569026 6149414
5574664 6049164
5583902 6009752
5610026 6006916
5631626 6004000
5639564 5983696
5678874 5870252
5717584 5845670
5816266 5816450
5842324 5801052
5845742 5741952
5862918 5730330
5917032 5721428
5922132 5712710
5944696 5690776
5988768 5681660
6014352 5655406
6082968 5633684
6127152 5610122
6171776 5600372
6197998 5585344
6209654 5582592
6289272 5574654
6365810 5554740

5468968 6416326
5473894 6413872
5478708 6359672
5509566 6324538
5519888 6229030
5535054 6155656
5547080 6131462
5555622 6122872
5557256 6051876
5578914 6046260
5591034 6035356
5620608 6009680
5621378 5998942
5628560 5962674
5659194 5960794
5660124 5955340
5702758 5862858
5736144 5836228
5770882 5805096
5799034 5794766
5821592 5787536
5858458 5762098
5883154 5723212
5914300 5715012
5927008 5709166
5993930 5667458
6006110 5650896
6077536 5638750
6086854 5638428
6123248 5595260
6190134 5587674
6262370 5574660

5460312 6455396
5485194 6446408
5486088 6361286
5489370 6318520
5503130 6269836
5514290 6250400
5515332 6232638
5538058 6209352
5559912 6204224
5562796 6188764
5566544 6187856
5573250 6043982
5614976 6024658
5615444 5979136
5656496 5942524
5700424 5916102
5705276 5903028
5710206 5891876
5722846 5887464
5730598 5861410
5746814 5856040
5757448 5849714
5767566 5830988
5845440 5771054
5878100 5752176
5891714 5721954
5911926 5716800
5932518 5709294
5947496 5687160
5960866 5685388
5996914 5631500
6056436 5627746
6080098 5626634
6099822 5622750
6150232 5612714
6192620 5602776
6266676 5586888
6270068 5582348
6279150 5558128
6342958 5556580

5474326 6366152
5492588 6278742
5509094 6207016
5524606 6166954
5554624 6150784
5555386 6141190
5569738 6059128
5585966 6053380
5610518 6040428
5617212 6034214
5653662 6002842
5658970 5974408
5659770 5967658
5673704 5958434
5713352 5869128
5737160 5865224
5752826 5841926
5767224 5808946
5788948 5792242
5835676 5746252
5891080 5744034
5904024 5718622
5914598 5718044
5945526 5711244
5967078 5683126
6001924 5626390
6076432 5624870
6077846 5622806
6114414 5594144
6210244 5591450
6250620 5585020
6307642 5583608
6345226 5580304
6348212 5566984

5478144 6386570
5480602 6316160
5494104 6300192
5504632 6276120
5519338 6141838
5550926 6109398
5568038 6079246
5594164 6054912
5648794 5981578
5649230 5947530
5658452 5894642
5708012 5891554
5725818 5883704
5751074 5864036
5756144 5830636
5818564 5766794
5833628 5742800
5893246 5728638
5897330 5686612
5940300 5669152
6007128 5626774
6020918 5617026
6065418 5611522
6096224 5611292
6168874 5603574
6243156 5590408
6301192 5575534

5462164 6326248
5493272 6268156
5500850 6250046
5513754 6165380
5529280 6159240
5556446 6108636
5560924 6035666
5588718 5999508
5638334 5988908
5645030 5956136
5661456 5919796
5693514 5894028
5716484 5890480
5733426 5881628
5743726 5865062
5759258 5838596
5781224 5834014
5790256 5818888
5804706 5766310
5866478 5763562
5887718 5759004
5899744 5720306
5945328 5711806
5956892 5689300
5973974 5672676
5998092 5664422
6000588 5639134
6055536 5611596
6098306 5588816
6230818 5576472
6248562 5573362
6281978 5559922

5460488 6376946
5475854 6375954
5476742 6371592
5483396 6289832
5494000 6230376
5548262 6145442
5569090 6088144
5582598 6067448
5598258 6040850
5611322 6036368
5617756 6011762
5628356 5969168
5647338 5951336
5655196 5942924
5697968 5939436
5700732 5896864
5702126 5894774
5718602 5858108
5806704 5789130
5838344 5769304
5847930 5758542
5860372 5725820
5890348 5712226
5948644 5692946
5961364 5684734
5987864 5655952
6036252 5649258
6067076 5616728
6102244 5616056
6127454 5609570
6184582 5601708
6215272 5583090
6284624 5549508

5477050 6368730
5496064 6302016
5511026 6191364
5537332 6181492
5558910 6049000
5595612 6000040
5604978 5958782
5657480 5954070
5680468 5920228
5709970 5860932
5732868 5857062
5799344 5796030
5821460 5770744
5903834 5723802
5947286 5722244
5954578 5715440
5958462 5696148
5964788 5688712
5977614 5663108
6036718 5648022
6086988 5619322
6159792 5586920
6281410 5571362
6350686 5555832

5464700 6528474
5494030 6365644
5497884 6364816
5506114 6287852
5510136 6177998
5558264 6170106
5562792 6130864
5567458 6129952
5581514 6027454
5642412 6021406
5648010 5974468
5648074 5948162
5668926 5934700
5691300 5928346
5705032 5907740
5708996 5892790
5728262 5859518
5770600 5856878
5783014 5798798
5811002 5790604
5846830 5757568
5854592 5739936
5864218 5724214
5864468 5714328
5900992 5710292
5928934 5679442
5986358 5659972
6068092 5659494
6075854 5641458
6078988 5615526
6139468 5584168
6247416 5579168
6292324 5571072
6371470 5560498

5475354 6428650
5492354 6412808
5493112 6315752
5494502 6310200
5500148 6290090
5506010 6286846
5509772 6285310
5513906 6182430
5551778 6135510
5555884 6095296
5582484 6091306
5595490 6077298
5602656 6014700
5648124 6000972
5650464 5967160
5669052 5953112
5670646 5946260
5682828 5914092
5710486 5898436
5725500 5888806
5746250 5860008
5784674 5817514
5789888 5807358
5800810 5796596
5806472 5784220
5830384 5759894
5846130 5758728
5856984 5746700
5866114 5741468
5907168 5687796
5983862 5637696
6083856 5626600
6123866 5608032
6152220 5603716
6184010 5572320
6252368 5553498

5454154 6463634
5490482 6282716
5507430 6203042
5525664 6195938
5540138 6154536
5550310 6150052
5555274 6125872
5560874 6079382
5569198 6045718
5607422 6038550
5636962 5983844
5642336 5975832
5652444 5927128
5735734 5848664
5748102 5812906
5779328 5801092
5832650 5770534
5854048 5768894
5901040 5728146
5920890 5723210
5928800 5688076
5944940 5667148
5973364 5654914
6005632 5645312
6024968 5633952
6075024 5608716
6137686 5594256
6196836 5572740
6280456 5572398

5469320 6413766
5476664 6409962
5476752 6344036
5493608 6272722
5497662 6257606
5517822 6151994
5551722 6130880
5552108 6052844
5594272 5990304
5644854 5946152
5649874 5935164
5659802 5934086
5713994 5853522
5740628 5852042
5756532 5838868
5785756 5800532
5803948 5798618
5858910 5772604
5876450 5707804
5930692 5685390
5992166 5679078
5995522 5668404
6008038 5661294
6053902 5645906
6098416 5632788
6126910 5618764
6179134 5593046
6182950 5572012
6204816 5563138

5485454 6457760
5490278 6425434
5496350 6363018
5504224 6347428
5509346 6246268
5510024 6204636
5542410 6157966
5555312 6134106
5574338 6111522
5576086 6093956
5592650 6040736
5614938 6010262
5636254 5980340
5662868 5967978
5663018 5950036
5699772 5899562
5746614 5881552
5762454 5850176
5779156 5829832
5810850 5796826
5813916 5775132
5855002 5770966
5866798 5731968
5910590 5723422
5921904 5713752
5960506 5700622
5991638 5651668
6028356 5637228
6030256 5632244
6041986 5630364
6113500 5630196
6141200 5598376
6165000 5593184
6201016 5572696

5457332 6472052
5463250 6465554
5492578 6433362
5495374 6404182
5497694 6389902
5503620 6279632
5522874 6213106
5534812 6119696
5567332 6118510
5581080 6105466
5585810 6090602
5590604 6058546
5613984 6008124
5630320 5990814
5655980 5919318
5709902 5883394
5716624 5870026
5718188 5867890
5748298 5857288
5759822 5847998
5781916 5830180
5797136 5797480
5803610 5774140
5819014 5772860
5869860 5750884
5910642 5732208
5919896 5719290
5948116 5692580
5976216 5691448
6011812 5673134
6016342 5651190
6044002 5647936
6045602 5643342
6060924 5637302
6120606 5627390
6151504 5601452
6158362 5587806
6292446 5568816

5466760 6424150
5486570 6358408
5496328 6251850
5507966 6207070
5538576 6197792
5540448 6151818
5573850 6130996
5577414 6028200
5623756 6007464
5627028 5997708
5660830 5979958
5698982 5939244
5708464 5863078
5747712 5855476
5762550 5854562
5773828 5835946
5801048 5770534
5821072 5765568
5826420 5759610
5854580 5745830
5886406 5735420
5903926 5732624
5919406 5714160
5919936 5707882
5930188 5702068
5947074 5701950
5971972 5695808
5982642 5667218
5989786 5646078
6114206 5645430
6128468 5613694
6191580 5607954
6241338 5575578
6285960 5574114

5477608 6266028
5531226 6194430
5558090 6072452
5598192 6046802
5603098 6015034
5643622 6012640
5644792 5993296
5657300 5941226
5666666 5927446
5708164 5889838
5741788 5843090
5760798 5840538
5778022 5839144
5795184 5801838
5823474 5789936
5833330 5735302
5917660 5726694
5934152 5698864
5989192 5687436
6005958 5687104
6010156 5670866
6074080 5646166
6085256 5637208
6110700 5637028
6156796 5595204
6178540 5594264
6285250 5573688

5484550 6296790
5501980 6250060
5536196 6240260
5541362 6205240
5541438 6165416
5551132 6129872
5552132 6121310
5575334 6092282
5608132 6075904
5626750 5982336
5638410 5962100
5659738 5953504
5670816 5943354
5675406 5938252
5730474 5862478
5751904 5850722
5767092 5812378
5783844 5811702
5806452 5789178
5840184 5748572
5855366 5745252
5858754 5738906
5864798 5715150
5931962 5682592
6023668 5673082
6030068 5662576
6034838 5636752
6055784 5625196
6065512 5622464
6090672 5618150
6134732 5577598
6174120 5574486
6405922 5570848

5479556 6401858
5490974 6346594
5497086 6342958
5506234 6272450
5507896 6202660
5538256 6179988
5542550 6168978
5543022 6130280
5545570 6057578
5600884 6019664
5615556 5972382
5678142 5918534
5731154 5869220
5731310 5837040
5757318 5811240
5783494 5797412
5817264 5758798
5866226 5753088
5868654 5733232
5929392 5727280
5945526 5717364
5962684 5697994
5994588 5655680
6002862 5652496
6039354 5649900
6073812 5645452
6091406 5626556
6110612 5614342
6147080 5608024
6172822 5601292
6198872 5594660
6244744 5553408

5450774 6355332
5502830 6333424
5506844 6215278
5516598 6161452
5550216 6105516
5577040 6074582
5594858 6068866
5611082 6040320
5621096 5991496
5635604 5954942
5657288 5934346
5668096 5915012
5674910 5909194
5701736 5888328
5731676 5867370
5747516 5864422
5749506 5864198
5784302 5862896
5804278 5750166
5877810 5733586
5897858 5730572
5922752 5666958
5978834 5663910
6042562 5621662
6127756 5620990
6167402 5620448
6174568 5619214
6203782 5603438
6214744 5586712
6260106 5585622
6274560 5582412
6292894 5579422
6424528 5578156
6426450 5574884

5484916 6490198
5485380 6357510
5486158 6354978
5506648 6306774
5509232 6262638
5518992 6235320
5532928 6200430
5538346 6180924
5568474 6102010
5568886 6053768
5604734 6004012
5676476 6001830
5680432 5966746
5684930 5893274
5732012 5859578
5755254 5849998
5758994 5836484
5780178 5827126
5780574 5802660
5809820 5787846
5813150 5755648
5813922 5746896
5901900 5721820
5917758 5713152
5938866 5711054
5987556 5704374
6001412 5682720
6003050 5656158
6010190 5639552
6067416 5617434
6149754 5602372
6185772 5601288
6234162 5587678
6250372 5582706
6256430 5577854
6282260 5574858

5478414 6434548
5481166 6364116
5484838 6330386
5496326 6269364
5497460 6237296
5504690 6141556
5560356 6073008
5611766 6036910
5615836 6023610
5621112 6020356
5624360 5965030
5668130 5948442
5715556 5895336
5716222 5892758
5738906 5852844
5755186 5839820
5764148 5836232
5771532 5818832
5789146 5816826
5800768 5797998
5824732 5750144
5837044 5748828
5859698 5714680
5938126 5704064
5972652 5693166
5989828 5681108
6011770 5659588
6041192 5639586
6081320 5632536
6118328 5608508
6137470 5607698
6186584 5555540

5492002 6356810
5510636 6315778
5512620 6272458
5523502 6229110
5531266 6173464
5533880 6152750
5543686 6146102
5568222 6142252
5583458 6100886
5585340 6080166
5596238 6028546
5613604 5972168
5658212 5957780
5695940 5925982
5710222 5873394
5726434 5865926
5756648 5855220
5779380 5797216
5828270 5747234
5857456 5732762
5934696 5708502
5938484 5686452
5950990 5678766
5969558 5669858
5986760 5649182
6089080 5633912
6092226 5613798
6161880 5605934
6191952 5596878
6254916 5579912
6348614 5560784

5467992 6460600
5485956 6431882
5493690 6242948
5501798 6191070
5527026 6169682
5528344 6157654
5546316 6105380
5596484 6025462
5635058 6009536
5635466 5984054
5641666 5966840
5669264 5956824
5684830 5928248
5699020 5923320
5700662 5908786
5726628 5855506
5779488 5834870
5798046 5804238
5799994 5795828
5844930 5746740
5863204 5730040
5904156 5725124
5909916 5705614
5930010 5701756
5936064 5688028
5981844 5679594
6022790 5664102
6023120 5661508
6034532 5643226
6076010 5636052
6141616 5631280
6175982 5613500
6185426 5582092
6282026 5568500

5477868 6402504
5484038 6369776
5500272 6295844
5509032 6286762
5516594 6211524
5523046 6187678
5546248 6156344
5555622 6147466
5565362 6070788
5591052 5983940
5642976 5962358
5669520 5950046
5675326 5935904
5678956 5933120
5679234 5910174
5731778 5876686
5746626 5869874
5763798 5835370
5774308 5778494
5839544 5772228
5847444 5761462
5854476 5756002
5880572 5712630
5902336 5695162
5925706 5683686
6029612 5669968
6036112 5668252
6038226 5650758
6040592 5634452
6079842 5620674
6082504 5615660
6131882 5607626
6193996 5606958
6221784 5585044
6226832 5583928
6267376 5583178

5478502 6455180
5489624 6357202
5502980 6274552
5520670 6216434
5542428 6188520
5547494 6179898
5557326 6128350
5568362 6074636
5583444 6065346
5595070 6053994
5597690 6046056
5598556 6014236
5621040 6002436
5625270 5996342
5634800 5974538
5666780 5943458
5677052 5943040
5707670 5911918
5713348 5909462
5727838 5865768
5744836 5826468
5786864 5819318
5818636 5798848
5819064 5757242
5867828 5727800
5875558 5721140
5916660 5716878
5965090 5690586
5971102 5663550
5993214 5648954
6017590 5640812
6039894 5635080
6074396 5623534
6098116 5617278
6119242 5613406
6153124 5609856
6213302 5605230
6240364 5592238
6242472 5557638

5492868 6372508
5498000 6349406
5499460 6328618
5514610 6224580
5523450 6106236
5572332 6079432
5580320 6058278
5623744 5981496
5660204 5941678
5661856 5940074
5664574 5904306
5687846 5874830
5746160 5822646
5806948 5771464
5845066 5755704
5859586 5737584
5902990 5703952
5924102 5702816
5934300 5689414
5962278 5668826
5966988 5652952
6037698 5648504
6067304 5644022
6074192 5636494
6148580 5621472
6171714 5612452
6180706 5610632
6209804 5598016
6266866 5583188
6319068 5578258
6377948 5578114

5461890 6365418
5471918 6284820
5520614 6126610
5544470 6112240
5553856 6094568
5568496 6094058
5619650 6052870
5627762 6033048
5630194 6005252
5632438 5987852
5651960 5965342
5664680 5936712
5702694 5901038
5726144 5890590
5744134 5840830
5748428 5828234
5784032 5792330
5811624 5785416
5822858 5773158
5836774 5746830
5911874 5709780
5921928 5691824
5998810 5631104
6118756 5611290
6142242 5604518
6170318 5599014
6189284 5585728
6222258 5583934
6318166 5580420

5479298 6390798
5483110 6340550
5494330 6280942
5504162 6212488
5534456 6165674
5535464 6097710
5587672 6024282
5597922 6017520
5629768 6004796
5636122 5961282
5655352 5941540
5676766 5930782
5703544 5885300
5747628 5837828
5785074 5824332
5794288 5821172
5800380 5803052
5815522 5791354
5821528 5777740
5855644 5744198
5891992 5712080
5941750 5706242
5966160 5689150
5980366 5670542
6050018 5669268
6080686 5649892
6083820 5611670
6176510 5605986
6177688 5601468
6207396 5594764
6290970 5594036
6297972 5587504
6303572 5574554
6318440 5569656
6322616 5567350

5478730 6463030
5486662 6358724
5502362 6311094
5525386 6210170
5533384 6191092
5540184 6182408
5556486 6126910
5564586 6085588
5577552 6085436
5610078 6020540
5621150 6010578
5638802 5982966
5644612 5979140
5667176 5951924
5667502 5937994
5692334 5918000
5692384 5895974
5706642 5887416
5724840 5874878
5770594 5824382
5796292 5804600
5814546 5743420
5866490 5727344
5899236 5727032
5921676 5723326
5921872 5694282
5966352 5687830
6022984 5668028
6036764 5667210
6043222 5665306
6046488 5649166
6054362 5634366
6064540 5633006
6075394 5599924
6224800 5588636
6244632 5584730
6296342 5575304

5488044 6368944
5497632 6332378
5505636 6307722
5507432 6208806
5537302 6203454
5542134 6191844
5545672 6139488
5552012 6131764
5563816 6102846
5600206 6047434
5601348 6029668
5608536 5963940
5659096 5901810
5703288 5889904
5732212 5856916
5772226 5790646
5796404 5782722
5827702 5778434
5890554 5736930
5918972 5724142
5920334 5690778
5969474 5663226
6004396 5654202
6017904 5651548
6070660 5635136
6109818 5609858
6170324 5603706
6197912 5582900
6207254 5558988

5468278 6252672
5521376 6147712
5560310 6145348
5575182 6059770
5594380 6047532
5620586 6025686
5634978 6020182
5664476 5999782
5671140 5955710
5699546 5918278
5700266 5885362
5727056 5862408
5738412 5831472
5794722 5821708
5798286 5799110
5872958 5737996
5911908 5701386
5985418 5677294
5994882 5677194
6013672 5652562
6049848 5648886
6065046 5624074
6106140 5622212
6135230 5613854
6143734 5609516
6171870 5608704
6172076 5606442
6234782 5588148
6292986 5585394

5460860 6459632
5473334 6379180
5487014 6320190
5487994 6315944
5514052 6254806
5521874 6230022
5527392 6161726
5557518 6113426
5574630 6085802
5578544 6085654
5581316 6053130
5589930 6032310
5609340 6003924
5619512 5992792
5656696 5978586
5678296 5942328
5708170 5921884
5710672 5860664
5766168 5841748
5775002 5812494
5776378 5795942
5789478 5772562
5833052 5766078
5836632 5741836
5958950 5661830
6002178 5657508
6026508 5636618
6039790 5609584
6147422 5607278
6157164 5602042
6157422 5585754
6292468 5580898
6307564 5577228

5467874 6375906
5494594 6327024
5497672 6314766
5506430 6268732
5516914 6169028
5529798 6160164
5554952 6149378
5573880 6051870
5608098 6033462
5621682 6029806
5640004 6015726
5643394 5979022
5647872 5947168
5672598 5922312
5695550 5902882
5696988 5877512
5709268 5865846
5749742 5842404
5770190 5832654
5808158 5775672
5840290 5759786
5842974 5757412
5877428 5721362
5921788 5715326
5927004 5701710
6001514 5676618
6014594 5655832
6029700 5639856
6082726 5632542
6098104 5611298
6150276 5608032
6153924 5595924
6246268 5578066
6278860 5567562
6335518 5562146

5487720 6352820
5496356 6318900
5499938 6288730
5521684 6236388
5544472 6128952
5557848 6128092
5566732 6103282
5575850 6087860
5585024 6083534
5601092 6053972
5621114 5988710
5643116 5983524
5662972 5942554
5673432 5922374
5687212 5915818
5700418 5902808
5704588 5874704
5747138 5855290
5762354 5836990
5790512 5791618
5806348 5783802
5840482 5763708
5853282 5752694
5865440 5711656
5953970 5702334
5985680 5657520
6043538 5643086
6052868 5638480
6087652 5637496
6142016 5613066
6153042 5600590
6156862 5591192
6299122 5573268
6399266 5571100

5472850 6484844
5486514 6425912
5493364 6326096
5507050 6259402
5510976 6250738
5520960 6228102
5536556 6194152
5555574 6146358
5555954 6137468
5583588 6065464
5605220 6061330
5612006 6014408
5633076 5990776
5647330 5962532
5671422 5958680
5680190 5928246
5682294 5917428
5708368 5904396
5711060 5877132
5742970 5871388
5771866 5847988
5772846 5831566
5780250 5823402
5786828 5822796
5793758 5799452
5805324 5781798
5850216 5760902
5875392 5734780
5913184 5703986
5920738 5686098
5965796 5685106
6010668 5648876
6021498 5642750
6087682 5628816
6103472 5624586
6142558 5618546
6163576 5585394
6280834 5557846

5466024 6363372
5496936 6204252
5523610 6147476
5559472 6130224
5581330 6112008
5593876 6098980
5594382 6045756
5605456 5990498
5621210 5980336
5658746 5948830
5677344 5920126
5699828 5897132
5704884 5856672
5712370 5853258
5745946 5830238
5823498 5777282
5863168 5728288
5866806 5715198
5980910 5700190
6003942 5679440
6034500 5665298
6080910 5615828
6097562 5614190
6127628 5611990
6133090 5609068
6137908 5598038
6190644 5585754
6299392 5581182
6301566 5578532

5483732 6495986
5489290 6333342
5550664 6113120
5564752 6013642
5701096 5859466
5714072 5844970
5946800 5662604
6032716 5640020
6101174 5581470
6319808 5571692

5455164 6388774
5463626 6297660
5532686 6184056
5542552 6107502
5672896 5875856
5760764 5805006
6021512 5629600
6078858 5618310
6219082 5581964
6335678 5565062

5478352 6397474
5529200 6171792
5575344 6068938
5653272 5927792
5769920 5770828
5868198 5696476
5979042 5630184
6212000 5572156
6317518 5564596

5471716 6392632
5492078 6301020
5500714 6239340
5572654 6053764
5698204 5897280
5815328 5768058
5936654 5682444
6160392 5602366
6215810 5562776
6265846 5545204

5478210 6424634
5478674 6380886
5528970 6140914
5571594 5996432
5602642 5977438
5768846 5815082
5947186 5663010
6082796 5611272
6299756 5548752

5458330 6318236
5494442 6177504
5544100 6101204
5649044 5913688
5756350 5790080
5968450 5662256
6133496 5585554
6213822 5578840
6397872 5551326

5463690 6355522
5487006 6194804
5554816 6079102
5747770 5822426
5841612 5739612
5999684 5623434
6120108 5595424
6303630 5566884

5461522 6475042
5483840 6292922
5504336 6239748
5548416 6107450
5657816 5895636
5762936 5807058
6023856 5635768
6198172 5577542
6207686 5554002

5464696 6541220
5475242 6419030
5494634 6247778
5520602 6081342
5633586 5917418
5753004 5775584
5876118 5683728
6115644 5604348
6234372 5568458
6272170 5567454

5460082 6406980
5463066 6390898
5538512 6142582
5543854 6070334
5718408 5863254
5803612 5792524
6016354 5612564
6278922 5577250
6292348 5540720

5480328 6459184
5499914 6305664
5502664 6237608
5536274 6112978
5697978 5854530
5895030 5712484
5984512 5643296
6064318 5624762
6145168 5565438

5464432 6451914
5472014 6358026
5490414 6265666
5545922 6111158
5696214 5892236
5802120 5770596
5968848 5678030
6010914 5622172
6297956 5547906

5470220 6341102
5541572 6115918
5682178 5906024
5830276 5761904
5959590 5650296
6160382 5577054
6390504 5573850

5452980 6363680
5510170 6208580
5527830 6147648
5646626 5937526
5837840 5750114
6013192 5651044
6168762 5578272
6190090 5572344
6460154 5570748

5469704 6451054
5485356 6333344
5488602 6258016
5550618 6064326
5658036 5896492
5809490 5757468
5996294 5650558
6136992 5596978
6322362 5555942

5447820 6320478
5499642 6277788
5516546 6136476
5676830 5885362
5786024 5795636
5859762 5676126
6097068 5621834
6218896 5541684

5469434 6476710
5473962 6425064
5497026 6314716
5577342 6021616
5686994 5874058
5829428 5737658
6015552 5633454
6179072 5584654
6307428 5556654
6423986 5555156

5459318 6426196
5466074 6393958
5520298 6175474
5600936 5999392
5608174 5995184
5821970 5755072
5960148 5654102
6100126 5572804
6289018 5543962

5443458 6459368
5479938 6367804
5508974 6219704
5550310 6102938
5641320 5910240
5798272 5783608
5934850 5674098
6134356 5608536
6265978 5563454
6450914 5550750

5473268 6432732
5482586 6323782
5495226 6243088
5565660 6049164
5665682 5907846
5810608 5747504
5905216 5693596
6028316 5639456
6233970 5519014

5482922 6423942
5483396 6412340
5521774 6110198
5541424 6052266
5623754 5962400
5781186 5801784
5990926 5664376
6132686 5589146
6305940 5566656
6318900 5555336

5459300 6379932
5511314 6168328
5531076 6111756
5663100 5884634
5867072 5728014
5872106 5722550
6225880 5575234
6268794 5550010

5474142 6468914
5481416 6374308
5514618 6186424
5560286 6033066
5630588 5947706
5718918 5806872
5956328 5653546
6108538 5598786
6122548 5572740
6317426 5549366

5468474 6297264
5483924 6206028
5587458 6002256
5645892 5916804
5824610 5734488
5970430 5668042
6109160 5631640
6256920 5573026
6441214 5555406

5450162 6436434
5475776 6345054
5495304 6181888
5592382 6044648
5659438 5906950
5822866 5746334
5989240 5665112
6110894 5597300
6310310 5561476
6396424 5553704

5457338 6422400
5473100 6245540
5547396 6088566
5574642 6039376
5606300 5994756
5845404 5732256
5989702 5635874
6133424 5550208

5456106 6284744
5529272 6125656
5700908 5855088
5791066 5776956
5902316 5699578
6111290 5606332
6138312 5580812
6374754 5563452

5462980 6336884
5541516 6103292
5629782 5929164
5852186 5735206
5975666 5661252
6174784 5594872
6197032 5566680

5453646 6365758
5470040 6321066
5558458 6090166
5703324 5860660
5799618 5777754
5979786 5657754
6111732 5596934
6289904 5571774
6332896 5546120

5464926 6379268
5483182 6199150
5602836 5976550
5626820 5969034
5776720 5777972
5950148 5656568
6131768 5598966
6273930 5558214

5456866 6358694
5496874 6256374
5558322 6068010
5677982 5880326
5918744 5689838
5987806 5636976
6314554 5557512

5466120 6424586
5472336 6417142
5473912 6213676
5583894 6017706
5623536 5919430
5771846 5806208
5928420 5676678
6184582 5583356
6361946 5531276

5464364 6424356
5489300 6245940
5551000 6094160
5627598 5967092
5795344 5771036
5919084 5678558
6133650 5587244
6169884 5581002
6346504 5570752

5460750 6433122
5466458 6391590
5503404 6233514
5519244 6102006
5647964 5957684
5790592 5787072
5934146 5680492
6187478 5553366

5474864 6503948
5486566 6322748
5513724 6205906
5578960 6033890
5742728 5816594
5801244 5776214
6001986 5628534
6104554 5608010
6332184 5537058

5479296 6430192
5495022 6369136
5510396 6248004
5550820 6092512
5685986 5871606
5806876 5737868
6027886 5627798
6193668 5588732
6236102 5566948
6331186 5531908

5483966 6199576
5575572 6046984
5610512 5944608
5782966 5795920
5971140 5646644
6105930 5611402
6202634 5565176

5464946 6499558
5485680 6305490
5494854 6261270
5552210 6094662
5647176 5882590
5915906 5671558
5982364 5616618
6085892 5596798
6318416 5572054

5454310 6437978
5461550 6415528
5498290 6255278
5546774 6023252
5625700 5938602
5799232 5780092
6006738 5645848
6143226 5575104
6279376 5565148

5467252 6363380
5473134 6337508
5483468 6230544
5526506 6095344
5675484 5907978
5832082 5736258
5970478 5654660
6106816 5607456
6277528 5563606
6301206 5558658

5466174 6385356
5529690 6142526
5539262 6140734
5719820 5843134
5818802 5753756
5946768 5679776
6226612 5570494
6235454 5557220
6360876 5549518

5455528 6334414
5502094 6256098
5555354 6083696
5655250 5948698
5741158 5807514
6005698 5638516
6233194 5563604

5463378 6437412
5481822 6359986
5483864 6350828
5569450 6076518
5676774 5850722
5763862 5810086
5978130 5632102
6050626 5608058
6263776 5551620
6324434 5550076

5469406 6434860
5484810 6305698
5495272 6181080
5587226 6047608
5688266 5903462
5746270 5760304
5968946 5632342
6184926 5590270
6285702 5572314
6339500 5557634

5471664 6330898
5495172 6226150
5548168 6106378
5633140 5902586
5738738 5818824
5953524 5647994
6165036 5580810
6285146 5571246
6383930 5547810

5470492 6458962
5489422 6398304
5508312 6242176
5558066 6095364
5685674 5897196
5757878 5778170
6086038 5603552
6170146 5562190
6313884 5557252
6393268 5555930

5477084 6512012
5484474 6297218
5496548 6262188
5555660 6061186
5693346 5872916
5751296 5818486
5930916 5658800
6187520 5567152

5465976 6456996
5491598 6278660
5531044 6218308
5543950 6105976
5637230 5933480
5871690 5733884
5956464 5648750
6089656 5598250
6272108 5564212
6332114 5553188

5472908 6540230
5481178 6434846
5505916 6249932
5576938 6061496
5600984 5936078
5874574 5730972
5992638 5658312
6182806 5575516
6291204 5542740
6309370 5541624

5479804 6406962
5499124 6304978
5500008 6218310
5572160 6035382
5645788 5930298
5827620 5751816
6002856 5652932
6131254 5606048
6217820 5542794

5449602 6446264
5470546 6390498
5515868 6190614
5585380 6039228
5673028 5904506
5773280 5786788
5917014 5689732
6188006 5574970
6212160 5553864

5474162 6465420
5475758 6324220
5519234 6182248
5587576 5944476
5673530 5920274
5787396 5786702
5849848 5712760
6131332 5565358
6299776 5561922

5472490 6436546
5493492 6303968
5508536 6174908
5552312 6073712
5679886 5872698
5825846 5738288
5986804 5657114
6106192 5620990
6241884 5566658
6388158 5551352

5458498 6487190
5481138 6341500
5541128 6153820
5555170 6101932
5617668 5924606
5759206 5790292
6012676 5636282
6130326 5585418
6300574 5574330
6343550 5553848

5466954 6459456
5520228 6211528
5583042 6054646
5589228 6014920
5762860 5796350
6016864 5608092
6230692 5583562
6441990 5568290

5470314 6480582
5486822 6359190
5522318 6195530
5588268 6030406
5708962 5848816
5811700 5739808
5954132 5683530
6167880 5572726
6315912 5532832

5470596 6474606
5487874 6349446
5511938 6203716
5565862 6074052
5583774 5993526
5773112 5788750
5960584 5667316
6099064 5605386
6171402 5565010

5477100 6528908
5492254 6333282
5501630 6274466
5519680 6164794
5621164 5936774
5812012 5768478
5966912 5645736
6103366 5598210
6165548 5585928
6372828 5572316

5457492 6486828
5486566 6288570
5504814 6271680
5573526 6015678
5655400 5931026
5843502 5733974
6080386 5607698
6174176 5572188

5472920 6463318
5475100 6340824
5517596 6200722
5565050 6056146
5633486 5956706
5787884 5779690
5956102 5662724
6111112 5614596
6319974 5552806

5465348 6378218
5473920 6372968
5527628 6167508
5542070 6135966
5711744 5837182
5765912 5795032
5884738 5718638
6101078 5604102
6289648 5567552

5465940 6316172
5565802 6058994
5643038 5934428
5741770 5834288
5985814 5636732
6053970 5611484
6228668 5562444

5452174 6365710
5496572 6247790
5546452 6104310
5661866 5907994
5795958 5750526
5977772 5638566
6101066 5621908
6242124 5587084
6308032 5547688

5450646 6414700
5470216 6357480
5486480 6234756
5582028 6030238
5650946 5898674
5728802 5837314
6024596 5646352
6059530 5618566
6209976 5570116
6444200 5566768

5459930 6534674
5467896 6337118
5491252 6234486
5512280 6148118
5655036 5872586
5837600 5710264
6050656 5599640
6210750 5571176
6415458 5567600

5474116 6366908
5480168 6262148
5501520 6205054
5555786 6106970
5707834 5864130
5804582 5779480
5920908 5697270
6039484 5614556
6147178 5581516
6351212 5574316

5466874 6389726
5526846 6210960
5612222 5991440
5715654 5808282
5812574 5771790
6052270 5615154
6113928 5601678
6261288 5559220
6479972 5552642

5457806 6349490
5508354 6188872
5578396 6063868
5643166 5949920
5791658 5786814
5960792 5633658
6158548 5577402
6226762 5567636
6303250 5556000

5469348 6447340
5490944 6318908
5515312 6191752
5566176 6078888
5655048 5920422
5896516 5701290
5983364 5629296
6094102 5624962
6234210 5570696
6372890 5554268

5467116 6259322
5509754 6183956
5560798 6055162
5575458 6021490
5846776 5734820
5899162 5708530
6055842 5614082
6272342 5562104
6446820 5551004

5472500 6409244
5494584 6258546
5574936 6049120
5679958 5884950
5870454 5733232
5904838 5673706
6091942 5611026
6225848 5589946
6308358 5547258

5482464 6275596
5501430 6213628
5583816 6057380
5632500 5946644
5847048 5737196
5889552 5687062
6008690 5615990
6202852 5588898
6415806 5563188

5449782 6483298
5471210 6342944
5519230 6199686
5549896 6075720
5646298 5917374
5871992 5718768
5977120 5648240
6236852 5544006

5456298 6419094
5474094 6264862
5552510 6102484
5672398 5868706
5875616 5690950
5928430 5674910
6111602 5581866
6197636 5577668
6285514 5571988

5456466 6410824
5469346 6356418
5480544 6297076
5556026 6119542
5627160 5967772
5865616 5718566
5933242 5664250
6214844 5569144
6322918 5563714
6458830 5562594

5427334 6395560
5500316 6240626
5545806 6090792
5658902 5894594
5819984 5759110
5940508 5665850
6156844 5608454
6217506 5584204
6320022 5558302

5453456 6303654
5518814 6150732
5760482 5797044
5836492 5728654
5942422 5631794
6109768 5623176
6335516 5546426

5481100 6355034
5505828 6178522
5533126 6165954
5655210 5905450
5768896 5801764
5943870 5665808
6249664 5566960
6272784 5554388
6309646 5544486

5474842 6391098
5510476 6198248
5567404 6055036
5686520 5871306
5793776 5773138
6002474 5647216
6191466 5526768

5462054 6302676
5466670 6262648
5494230 6201042
5683996 5904130
5788108 5771464
5929358 5650986
6057540 5621166
6175798 5577148

5461970 6319240
5503840 6236246
5530942 6134874
5742922 5773648
5918548 5687640
6178900 5572652
6283980 5544396

5475818 6426268
5482546 6316172
5511874 6183640
5552698 6091540
5684826 5902532
5748256 5829988
5991182 5654958
6183922 5569438
6343706 5558770

5454380 6490644
5494020 6401882
5496952 6259430
5555082 6095164
5714598 5859320
5826914 5752076
5930814 5667166
6137982 5595728
6181432 5584188
6294372 5570056

5476294 6453592
5481144 6314904
5503244 6229860
5573066 6061852
5683296 5901926
5887694 5706562
6018290 5640230
6110216 5602750
6226046 5578226
6309536 5569346

5461520 6409454
5502736 6286354
5616868 5904096
5893356 5687982
6013554 5644338
6068540 5601686
6321966 5561408
6328150 5547548

5440400 6378466
5479794 6297932
5525910 6125262
5581258 6035782
5662780 5888358
5786134 5770462
5930072 5673142
6074790 5594830
6298186 5559392

5474360 6520712
5503740 6239402
5505762 6154052
5645772 5898168
5791092 5784764
5930828 5686390
6133224 5603120
6248228 5562056

5475600 6374582
5503280 6178796
5522796 6145946
5658344 5886500
5850094 5730296
6016756 5619020
6090798 5597146
6244574 5574980

5478278 6286976
5512044 6215628
5588082 6017112
5705176 5870614
5752378 5808252
5951500 5646556
6137224 5576298
6348750 5551522

5451960 6407926
5494754 6303792
5500712 6248508
5580588 6023686
5676502 5882462
5767318 5773006
5959630 5653962
6157060 5579384
6202784 5570690
6337328 5551148

5454256 6406538
5505964 6172394
5623062 5945814
5666012 5899346
5823416 5776752
5933776 5640712
6303492 5571864
6394170 5559036

5473092 6434892
5483758 6346654
5503582 6273586
5584672 6042688
5606238 5970870
5835668 5737220
6044596 5628414
6046402 5574712
6311694 5554934
6315350 5548278

5470936 6517966
5475690 6320618
5500834 6239524
5544000 6070862
5677350 5855750
5832728 5743664
5926284 5679876
6108596 5609460
6311280 5578192
6452774 5560716

5462638 6412128
5482590 6284282
5497544 6240212
5550588 6056364
5730798 5844904
5800418 5775816
6017668 5625184
6115646 5604498
6284432 5562496

5459500 6477452
5485472 6355412
5510534 6191900
5542482 6136756
5667176 5888524
5806300 5744756
5984090 5661664
6242524 5552126

5455376 6432280
5487974 6315414
5506744 6208822
5579864 6035980
5702816 5885406
5821640 5736174
6008106 5602344
6188000 5564444

5478474 6439740
5481166 6303486
5512912 6191432
5553648 6101466
5691254 5892726
5806686 5759848
6025744 5632446
6116446 5598472
6368894 5568552

5454650 6387114
5520800 6182892
5538604 6127718
5611070 5949594
5853072 5732714
6032496 5647702
6083704 5620360
6271070 5592926
6377154 5572286

5475392 6416886
5492298 6410812
5527576 6115370
5653766 5887336
5798162 5776322
5977888 5650516
6174526 5576070

5465638 6331462
5493238 6240190
5567252 6055564
5709936 5879216
5828292 5760602
5938028 5679240
6230124 5568504
6449060 5559802
